0.00000000e+000
-2.91533930e-002
0.00000000e+000
0.00000000e+000
-3.07171726e-002
-3.72769142e-002
-4.09256556e-002
0.00000000e+000
0.00000000e+000
-3.83238713e-002
-5.35677586e-002
-3.04466941e-002
-6.17785093e-002
0.00000000e+000
-5.91623943e-002
0.00000000e+000
-4.00448032e-002
-7.79347901e-002
-3.35662451e-002
-9.33076180e-002
0.00000000e+000
-7.72356350e-002
-5.68479418e-002
-9.42629443e-002
-4.23594216e-002
0.00000000e+000
-1.16387134e-001
-3.09364417e-002
-7.58915003e-002
-9.72898768e-002
-5.67440365e-002
0.00000000e+000
-1.34194200e-001
-1.19348439e-001
-4.21151779e-002
-1.40259327e-001
-1.03877919e-001
-3.14345580e-002
-1.61566326e-001
-8.10354059e-002
-1.25479002e-001
0.00000000e+000
-5.98644868e-002
-1.72716872e-001
0.00000000e+000
-4.40296871e-002
-1.87702787e-001
-1.96682559e-001
-1.38459277e-001
-1.12386353e-001
-8.82024863e-002
-3.46763023e-002
-1.89519869e-001
-2.26725571e-001
-6.55415196e-002
0.00000000e+000
-2.39321744e-001
-1.97407229e-001
-4.89996365e-002
0.00000000e+000
-1.71298946e-001
-2.53464099e-001
-1.37290758e-001
-2.51088657e-001
-2.69933191e-001
-9.27336727e-002
-3.66862171e-002
-2.65294120e-001
-6.96074935e-002
-2.95586547e-001
-3.02849608e-001
-2.37952092e-001
0.00000000e+000
0.00000000e+000
-3.20246252e-001
-5.36122769e-002
-2.09932458e-001
-3.31069530e-001
-1.55142935e-001
-3.22955539e-001
-1.01543618e-001
-3.81916773e-002
-3.70076048e-001
-3.61169193e-001
-3.32982917e-001
-3.69620407e-001
-7.55094320e-002
-2.23592041e-001
-3.01817733e-001
0.00000000e+000
0.00000000e+000
-1.55336308e-001
-4.16661781e-001
-4.11697071e-001
-5.14495492e-002
-3.98361926e-001
-1.08009847e-001
-3.48239905e-002
-3.27298868e-001
-4.47649298e-001
-4.68601255e-001
-2.32112575e-001
-4.17201593e-001
-4.71179355e-001
-4.54236175e-001
-7.75290213e-002
0.00000000e+000
-1.73341426e-001
0.00000000e+000
-5.55252380e-002
-5.26108513e-001
-4.16026520e-001
-3.10113972e-001
-5.10966805e-001
-1.19709547e-001
-4.88081310e-001
-5.70419585e-001
-5.09893229e-001
-3.68499626e-002
-2.62947220e-001
-8.45250746e-002
-4.04593726e-001
-5.77953220e-001
-5.46970275e-001
-6.35202458e-001
-6.25958455e-001
0.00000000e+000
-5.08100800e-001
-6.27026714e-001
-1.96024377e-001
-5.95140336e-002
0.00000000e+000
-3.60543887e-001
-6.15529515e-001
-6.82996275e-001
-6.25199976e-001
-1.50543663e-001
-3.88482711e-002
-5.32456525e-001
-5.78223421e-001
-1.08607048e-001
-7.64071937e-001
-6.86473923e-001
-7.73085141e-001
-4.97404236e-001
-3.00222382e-001
-6.52129947e-001
-6.49806702e-001
0.00000000e+000
-7.90671453e-001
-7.41738083e-001
-7.88135203e-001
-2.40034520e-001
-6.36851236e-002
-7.58119139e-001
-8.77077174e-001
-4.36163528e-001
-6.79988533e-001
-7.17974278e-001
0.00000000e+000
-1.85918165e-001
-8.11648150e-001
-9.44901084e-001
-8.94660802e-001
-4.17036760e-002
-6.46905800e-001
-7.82770666e-001
-6.84553293e-001
-9.34060733e-001
-1.51676025e-001
-9.33746391e-001
-3.67057771e-001
-8.26574348e-001
-1.02627984e+000
-9.74044693e-001
-5.83824876e-001
-9.28175548e-001
-8.13978625e-001
-1.02944196e+000
0.00000000e+000
-1.03580700e+000
-3.10852616e-001
-8.03376415e-001
-9.61443303e-001
-8.89863048e-001
-1.05089739e-001
-7.46654038e-001
-9.19798611e-001
-5.68835634e-001
-1.09208745e+000
-1.07583535e+000
-2.69111385e-001
-1.04471142e+000
0.00000000e+000
-9.73187370e-001
-8.99719955e-001
-1.04497473e+000
-1.06806514e-001
-8.89542030e-001
-1.15842424e+000
-4.75666543e-001
-1.97895283e-001
-9.91275925e-001
-1.14397663e+000
-1.04428415e+000
-8.76725455e-001
-1.15111321e+000
-1.25506981e+000
-1.30438773e+000
-1.18630924e+000
0.00000000e+000
-7.93880317e-001
-5.01905601e-001
-1.13023030e+000
-2.71075186e-001
-1.05211095e+000
-1.26050845e+000
-1.27064783e+000
-1.13348307e+000
-9.23894652e-001
-1.22491555e+000
-1.30957755e+000
-3.99636956e-001
-1.30060168e+000
-1.16436085e+000
-4.82813124e-001
-9.55993776e-001
2.29618645e-002
-3.70189465e-001
-1.11306383e+000
-1.08250872e+000
-1.03312576e+000
0.00000000e+000
-1.08675973e+000
-7.69097658e-001
-9.60462568e-002
-1.05412739e+000
-1.00273180e+000
-1.05173763e+000
-2.81001876e-001
-1.08791209e+000
-9.77642238e-001
-8.87672321e-001
-1.05635854e+000
-1.09410509e+000
0.00000000e+000
-9.11628036e-001
-1.10157181e+000
-1.10454139e+000
-2.71185301e-002
-1.07538987e+000
-9.60105946e-001
-1.08600724e+000
-1.08845217e+000
-1.05464000e+000
-6.11470948e-001
-5.34000282e-001
-4.16567525e-001
-1.06159214e+000
-8.81475945e-001
-1.95375465e-001
-1.11966592e+000
-1.00183571e+000
-1.11552457e+000
-1.91792816e-002
-7.27233051e-001
-1.10539033e+000
-9.54835826e-001
-6.68876441e-001
-1.08406887e+000
-5.36619686e-001
-1.14755446e+000
0.00000000e+000
-1.02919129e+000
-1.12923370e+000
-6.89533842e-001
-8.89820357e-001
-7.25913433e-001
-8.77748788e-002
-1.11790734e+000
-9.81976410e-001
-7.57732727e-001
-8.69107836e-001
-2.88654072e-001
-1.18361249e+000
-9.94338867e-001
-1.12438830e+000
-6.37858227e-001
-1.11548834e+000
-1.10034293e+000
-1.08235456e+000
-1.06371943e+000
-6.56871826e-001
0.00000000e+000
-7.65557132e-001
-1.14235623e-002
-1.02732875e+000
-6.61830413e-001
-1.13581598e+000
-7.74701935e-001
-7.10966843e-001
-9.65852074e-001
-4.39437209e-001
-1.16881237e+000
-1.03872589e+000
-7.60837862e-001
-9.27686532e-001
-1.21420165e+000
-1.24488259e+000
-8.30617909e-001
-7.67003858e-001
-1.13975639e+000
-8.66545735e-001
-1.12485104e+000
-1.10881307e+000
-7.89866836e-001
-1.08850537e+000
-1.06482420e+000
-1.81490783e-001
-5.95686362e-001
-1.04077408e+000
-6.78716206e-002
-8.92424789e-001
-9.78364742e-001
-8.66468763e-001
-1.35164252e+000
-9.43280474e-001
-1.10631787e+000
-8.71822485e-001
-9.58683506e-001
-1.26025227e+000
-8.28788563e-001
0.00000000e+000
-1.06688347e-001
-1.21679893e+000
-3.10713875e-001
-1.16781301e+000
-1.02500592e+000
-1.14778492e+000
-8.35209770e-001
-1.20072861e+000
-1.14690611e+000
-8.99389682e-001
-1.13193274e+000
-8.83199638e-001
-1.37011030e+000
-1.10678919e+000
-8.65755994e-001
-9.21285336e-001
-1.24673987e+000
-1.04825938e+000
0.00000000e+000
-1.04818526e-001
-1.13222930e+000
-9.89088213e-001
-5.08914447e-001
-9.05866205e-001
-1.26166037e+000
-8.75541746e-001
-8.60013337e-001
-9.48191158e-001
-8.87689112e-001
-8.16347106e-001
-8.46542019e-001
-1.04241348e+000
-7.89625448e-001
-6.57007260e-001
-1.19234252e+000
-7.01663117e-001
-8.53338439e-001
-1.42240374e+000
-9.41751348e-001
-1.34658571e+000
-1.03401815e+000
-2.16193973e-001
-1.15830593e+000
-1.26332720e+000
-8.74979401e-001
-6.90584936e-001
-1.43755088e+000
-8.62993150e-001
-8.27986048e-001
-8.87061646e-001
-8.50979069e-001
-1.13841402e+000
-8.13018460e-001
-7.35043215e-001
-1.20893849e+000
-1.50716980e+000
-8.98918146e-001
-9.28334806e-003
-9.89480828e-001
-1.25454051e+000
-8.74431799e-001
-1.11074323e+000
-7.34629391e-001
-8.66539706e-001
-8.41111939e-001
-8.86400840e-001
-8.54898580e-001
-7.76674404e-001
-7.85307045e-001
-1.08138065e-001
-8.94108769e-001
-1.08276013e+000
-7.59596919e-001
-3.19941679e-001
-8.48448340e-001
-8.31677719e-001
-8.74001066e-001
-1.24455620e+000
-9.59331262e-001
-8.66371490e-001
-8.17173292e-001
-8.81879482e-001
-8.58771409e-001
-7.78695215e-001
-8.02486068e-001
-1.05182521e+000
-8.89694956e-001
-8.39303010e-001
-1.19586156e+000
-8.52638512e-001
-1.29474363e+000
-1.22298286e+000
0.00000000e+000
-9.31487732e-001
-5.66586257e-001
-8.46710138e-001
-1.17251227e+000
-1.59942043e+000
-7.95245386e-001
-8.26427067e-001
-1.02161425e+000
-8.12359144e-001
-8.75154209e-001
-8.32942869e-001
-8.67827299e-001
-8.82828459e-001
-1.28334382e+000
-9.28008521e-001
-1.14113675e+000
-8.61916332e-001
-1.49324636e+000
-1.26177374e+000
-8.40517905e-001
-9.92394045e-001
-1.37779844e+000
-1.11101999e+000
-1.29426828e+000
0.00000000e+000
-9.23523725e-001
-4.46110257e-002
-8.97898427e-001
-8.21213023e-001
-7.93575395e-001
-8.50219261e-001
-8.27587466e-001
-8.75427274e-001
-9.63731952e-001
-8.33882077e-001
-1.61644146e+000
-1.07787670e+000
-1.32525378e+000
-2.10959186e-001
-8.64051330e-001
-8.43563511e-001
-8.04282608e-001
-1.21308921e+000
-8.90292207e-001
-1.29963564e+000
-1.47171117e+000
-9.59183596e-001
-1.24251255e+000
-1.04609720e+000
-1.64969201e+000
-1.27542906e+000
-8.45334037e-001
-1.17537722e+000
-4.21019176e-001
-8.78753380e-001
-1.02194476e+000
-9.29218218e-001
-9.54765111e-001
-9.04815049e-001
-1.64859178e+000
-1.41458471e+000
-1.14067723e+000
-7.92021846e-001
-1.34400108e+000
-9.93065418e-001
-8.39215178e-001
-1.19012299e-002
-1.31543551e+000
-6.83253070e-001
-1.10560197e+000
-8.40226929e-001
-8.81392743e-001
-8.15014621e-001
-9.88799737e-001
-1.15471655e-001
-7.42579146e-001
-9.06116772e-001
-1.53546025e+000
-8.20436354e-001
-1.25505768e+000
-7.22240948e-001
-1.43653972e+000
-1.73888384e+000
-8.27379489e-001
-7.84918754e-001
-1.66520577e+000
-1.29032208e+000
-9.36239993e-001
-9.61022637e-001
-9.83344131e-001
-8.11869420e-001
-8.62501727e-001
-1.07109112e+000
-7.90520405e-001
-8.09453106e-001
-1.36111319e+000
-1.71713723e+000
-8.04144445e-001
-1.04559286e+000
-1.21692523e+000
-1.67927574e+000
-7.75378173e-001
-8.00095482e-001
-1.02326372e+000
0.00000000e+000
-8.35542221e-001
-7.91153980e-001
-9.07255025e-001
-1.17737641e+000
-3.08560105e-001
-8.19025194e-001
-1.33008708e+000
-1.14333661e+000
-9.39127527e-001
-1.01776171e+000
-8.04944091e-001
-7.75164131e-001
-8.56689627e-001
-8.03465345e-001
0.00000000e+000
-8.88529537e-001
-1.68882036e+000
-1.51116857e+000
-8.32906633e-001
-4.80752146e-002
-7.95892216e-001
-9.66696288e-001
-9.88554890e-001
-5.55728998e-001
-1.43927150e+000
-1.81853889e+000
-1.01341329e+000
-1.30136994e+000
-7.78045013e-001
-1.41539263e+000
-1.10786624e+000
-7.89495359e-001
-8.32758137e-001
-8.72312985e-001
-8.14280867e-001
-1.67813178e+000
-1.07726522e+000
-2.11428893e-001
-8.20436338e-001
-1.05332782e+000
-1.25525343e+000
-1.63684440e+000
-8.23102592e-001
-1.36952132e+000
-7.89135763e-001
-8.55814141e-001
-9.12239320e-001
-8.30298747e-001
-7.96585463e-001
-1.04692752e+000
-9.34717180e-001
-1.21337751e+000
-1.75601436e+000
-8.35270859e-001
-1.33700645e+000
-9.93872965e-001
-1.79359033e+000
-8.10075999e-001
-1.01572115e+000
-1.17752491e+000
-8.94158864e-001
-1.04103118e+000
-9.59951739e-001
-1.77248756e+000
-1.47518578e+000
-8.00547201e-001
-1.14435119e+000
-1.54986723e+000
-7.42429455e-003
-1.11370520e+000
-8.33533460e-001
-1.41976651e+000
-1.16733165e-001
-1.07916606e+000
-4.26740276e-001
-1.56866673e+000
-8.32038893e-001
-8.77792735e-001
-8.11201756e-001
-8.20260306e-001
-1.07509449e+000
-9.15089829e-001
-1.37240953e+000
-1.28884627e+000
-8.20290504e-001
-1.71860863e+000
-9.33590677e-001
-1.02284413e+000
-1.81087160e+000
-8.66964520e-001
-9.88999608e-001
-1.04757700e+000
-8.24297756e-001
-1.06774366e+000
-1.68056075e+000
-9.56445412e-001
-1.20159714e+000
-6.88924297e-001
-1.49266681e+000
-1.25016156e+000
-1.73926045e+000
-3.13723802e-001
0.00000000e+000
-1.16960510e+000
-8.52633282e-001
-8.31657760e-001
-7.30654588e-001
-8.08969959e-001
-1.14563382e+000
-9.01138177e-001
-7.43382482e-001
-8.18638128e-001
-1.43019033e+000
0.00000000e+000
-1.10995357e+000
-4.50508668e-002
-1.57295034e+000
-7.91182936e-001
-1.31637478e+000
-8.20922145e-001
-7.89145027e-001
-1.10481382e+000
-8.30331515e-001
-1.00709599e+000
-8.20813982e-001
-8.18058553e-001
-9.73273913e-001
-8.54688425e-001
-1.72372771e+000
-1.75700471e+000
-2.18150599e-001
-8.83480569e-001
-1.62926008e+000
-8.36938906e-001
-1.10030166e+000
-9.35319470e-001
-1.50197442e+000
-1.05580563e+000
-1.49424503e+000
-9.22247643e-001
-8.19112391e-001
-1.07755049e+000
-8.24081843e-001
-9.50341000e-001
-1.18904602e+000
-8.79698999e-001
-8.28627132e-001
-1.23599712e+000
-8.30186633e-001
-1.16408267e+000
-1.27860765e+000
-8.17738256e-001
-5.70677726e-001
-1.14118923e+000
-1.54106005e+000
-8.63017574e-001
-8.37113363e-001
-8.20774365e-001
-1.34135220e+000
-8.53199930e-001
-1.69460756e+000
-9.24260271e-003
-9.86647444e-001
-9.09563148e-001
-8.32718328e-001
-1.13115368e+000
-1.07651381e-001
-1.58624643e+000
-1.04094956e+000
-9.67046895e-001
-8.25879825e-001
-1.17530552e+000
-8.90876322e-001
-1.13123274e+000
-1.60364371e+000
-1.45974268e+000
-4.34829908e-001
-1.10633565e+000
-1.15229726e+000
-1.38786962e+000
-1.08901798e+000
-8.36927874e-001
-8.82738248e-001
-9.49964561e-001
-1.01482574e+000
-1.14038818e+000
-9.36664747e-001
-1.29674868e+000
-1.13765223e+000
-8.33346448e-001
-1.50207651e+000
-9.25167278e-001
-1.19836685e+000
-1.11816464e+000
-8.32729753e-001
-8.73964245e-001
-1.23683889e+000
-8.57226299e-001
-8.30108316e-001
-1.00125285e+000
-1.58232476e+000
-1.06234522e+000
-1.61413578e+000
-9.15016508e-001
-8.30254852e-001
-1.16129586e+000
0.00000000e+000
-9.81652883e-001
-1.14865580e+000
-1.14018949e+000
-8.48692803e-001
-4.28021504e-002
0.00000000e+000
-8.30627506e-001
-9.00934711e-001
-9.48204814e-001
-1.43224496e+000
-9.64142205e-001
-1.04041775e+000
-9.41753756e-001
-8.24790956e-001
-8.34999178e-001
-1.36972953e+000
-1.50036303e+000
-1.18553003e+000
-8.85270342e-001
-1.07506442e+000
-1.10283100e+000
-1.02370513e+000
-1.30882266e+000
-7.14108309e-001
-1.55668552e+000
-7.72753166e-001
-9.24980425e-001
-8.75020270e-001
-1.25714161e+000
-8.49255839e-001
-1.12163083e+000
-1.01243937e+000
-1.46294037e+000
-8.39768768e-001
-7.53061925e-001
-2.25099699e-001
-8.38372919e-001
-9.96975629e-001
-1.05275838e+000
-8.61032111e-001
-9.52832675e-001
-9.12965693e-001
-1.20696204e+000
-1.43884798e+000
-8.26079044e-001
-9.67666011e-001
-3.29464260e-001
-8.54068437e-001
-8.39819525e-001
-9.81252120e-001
-1.03793831e+000
-1.39160243e+000
-8.33790674e-001
-8.13144346e-001
-1.49658070e+000
-8.54149348e-001
-8.28867381e-001
-8.34667362e-001
-1.33202718e+000
-8.41388999e-001
-1.10482500e-002
-8.29679542e-001
-8.98127401e-001
-8.35775845e-001
-1.02061820e+000
-1.16082895e+000
-9.39092224e-001
-1.15257650e+000
-8.60150830e-001
-1.14504627e+000
-8.47071374e-001
-8.24429754e-001
-8.36628353e-001
-8.27091303e-001
-8.85263219e-001
-1.08742621e+000
-1.06404872e+000
-1.00911565e+000
-1.10738067e+000
-1.49463754e+000
-8.52949028e-001
-8.78210579e-001
-1.04699665e+000
-9.94727723e-001
-8.37877769e-001
-9.23361460e-001
-1.43778470e+000
-9.66847391e-001
-1.17513759e-001
-9.80810669e-001
-8.23842315e-001
-1.03097603e+000
-1.18625333e+000
-8.65421814e-001
-1.39604279e+000
-8.37273238e-001
-9.51356712e-001
-1.35523672e+000
-9.11672958e-001
-1.01876929e+000
-1.07633679e+000
-8.59153954e-001
-8.34483804e-001
-1.12763774e+000
-1.05731003e+000
-8.37934229e-001
-1.25799321e+000
-5.92556974e-001
-1.04171120e+000
-1.47764535e+000
-1.00495567e+000
-9.37920849e-001
-8.98459126e-001
-8.37538606e-001
-8.49799218e-001
-1.21418368e+000
-9.93167710e-001
-8.88835936e-001
0.00000000e+000
-8.33150457e-001
0.00000000e+000
-8.78534515e-001
-1.02775695e+000
-1.30413094e+000
-9.79427313e-001
-8.34325906e-001
-1.08816364e+000
-8.27978480e-001
-1.44946417e+000
-1.16348882e+000
-8.34329885e-001
-9.25252120e-001
-4.23268951e-002
-1.15479417e+000
-1.11073874e+000
-8.44985845e-001
-1.14633509e+000
-1.04931852e+000
-9.64374766e-001
-1.01486535e+000
-8.69168804e-001
-9.50011881e-001
-9.10284125e-001
-8.28659193e-001
-1.03668917e+000
-8.37350223e-001
-1.38604847e+000
-8.61354688e-001
-1.00247058e+000
-1.40519759e+000
-1.35383521e+000
-8.99325347e-001
-1.06051484e+000
-9.89999011e-001
-1.19000543e+000
-1.40763082e+000
-1.32433624e+000
-1.02329824e+000
-8.89029227e-001
-9.36418082e-001
-1.12788198e+000
-9.76633156e-001
-8.43344801e-001
-8.79862057e-001
-1.04643240e+000
-8.53999389e-001
-1.13362198e+000
-8.36246397e-001
-2.35639412e-001
-1.01116314e+000
-9.61182587e-001
-1.13629523e+000
-9.23897151e-001
-8.28012212e-001
-3.43965249e-001
-1.03369951e+000
-1.07100588e+000
-8.69905631e-001
-8.36494890e-001
-7.08565549e-001
-8.48106140e-001
-9.47139663e-001
-1.09089848e+000
-1.21674956e+000
-9.11569337e-001
-4.72619858e-001
-8.32106352e-001
-9.85745894e-003
-8.61378495e-001
-7.56664462e-001
-1.05747981e+000
-1.11026084e+000
-9.99438455e-001
-8.32962450e-001
-1.02119175e+000
-1.40786950e+000
-1.16405278e+000
-7.62698798e-001
-8.33845958e-001
-1.15558497e+000
-8.99804113e-001
-1.11470537e+000
-8.41626667e-001
-9.86065190e-001
-1.14714899e+000
-1.04400030e+000
-9.34042522e-001
-8.09641946e-001
-1.26157740e+000
-8.89139010e-001
-1.11205294e+000
-8.54318138e-001
-8.35217260e-001
-9.72788450e-001
-1.12008679e+000
-8.11427228e-001
-1.00918277e+000
-1.40096424e+000
-8.79338508e-001
-1.12204748e+000
-1.11697954e+000
-9.22439843e-001
-1.18093925e-001
-1.34889389e+000
-8.35416689e-001
-1.03135676e+000
-1.08187601e+000
-9.58358771e-001
-8.41999342e-001
-1.32700275e+000
-1.06801059e+000
-1.12467000e+000
-8.69576491e-001
-8.30383641e-001
-1.11878790e+000
-1.11457994e+000
-1.10004689e+000
-8.38707075e-001
-1.36551769e+000
-1.29156903e+000
-1.12135235e+000
-9.09774887e-001
-1.18939004e+000
-1.11631809e+000
-9.44263442e-001
-8.60927476e-001
-9.95873076e-001
-1.12448035e+000
-1.05496001e+000
-1.01888921e+000
-8.37461895e-001
-8.47419558e-001
-1.11191001e+000
-1.11866758e+000
-1.37601696e+000
-1.12135620e+000
-9.82435273e-001
-1.10262120e+000
-1.12580499e+000
-1.11373649e+000
-3.23866050e-001
-9.32148300e-001
-1.11657957e+000
0.00000000e+000
0.00000000e+000
-8.97631923e-001
-1.04345027e+000
-1.12053212e+000
-1.11070401e+000
-8.34012169e-001
-8.37614783e-001
-9.69217076e-001
-1.13601773e+000
-1.23459278e+000
-1.11296592e+000
-8.40779554e-001
-4.50082829e-001
-1.00562597e+000
-8.86835299e-001
-1.10166308e+000
-1.12340505e+000
-1.99915450e-001
-1.11704330e+000
-8.29103824e-001
-1.11107450e+000
-8.34147083e-001
-1.09196040e+000
-8.52548561e-001
-1.20257312e+000
-1.13722689e+000
-9.54704846e-001
-9.20356777e-001
-8.77700158e-001
-1.07916123e+000
-1.11940807e+000
-1.11470460e+000
-1.03112476e+000
-1.06577553e+000
-1.10260053e+000
-8.31533928e-001
-1.12241927e+000
-1.11681257e+000
-1.11302390e+000
-4.05851740e-002
-8.67733036e-001
-8.32037351e-001
-1.26679173e+000
-9.43448719e-001
-1.13504212e+000
-9.92333417e-001
-1.16402200e+000
-1.11969871e+000
-1.11501137e+000
-6.05431705e-001
-1.10179734e+000
-1.15606985e+000
-8.32489437e-001
-8.36761543e-001
-9.07308089e-001
-1.05465165e+000
-1.12331411e+000
-1.01800121e+000
-1.14811677e+000
-1.11111419e+000
-9.78910932e-001
-1.11764359e+000
-1.13710324e+000
-1.12073887e+000
-1.12583612e+000
-9.31097917e-001
-1.11318025e+000
-1.34579507e+000
-8.45169429e-001
-9.65573719e-001
-1.11622081e+000
-1.04347188e+000
-8.58379883e-001
-1.11065871e+000
-1.12056180e+000
-8.94738680e-001
-1.13477641e+000
-1.33808987e+000
-1.11312264e+000
-1.00474175e+000
-1.08942948e+000
-1.07678574e+000
-1.12376202e+000
-1.11739087e+000
-8.84650092e-001
-8.33049666e-001
-8.31580657e-001
-9.53968620e-001
-9.27948871e-002
-1.17698414e+000
-1.11184305e+000
-1.14510745e+000
-9.15736531e-001
-1.35481172e+000
-1.03048391e+000
-1.34539823e+000
-1.06568448e+000
-1.12003611e+000
-1.11569824e+000
-8.75182868e-001
-1.32602544e+000
-8.39433515e-001
-1.30032591e+000
-1.09989837e+000
-1.12330532e+000
-1.15856357e+000
-1.11813782e+000
-9.42496212e-001
-1.11466026e+000
-1.15121647e+000
-9.89761703e-001
-1.23933497e+000
-8.34208192e-001
-4.27223665e-001
-8.49181808e-001
-1.12134771e+000
-1.05488298e+000
-1.11706066e+000
-1.01739637e+000
-9.02325173e-001
-1.13302454e+000
-1.10163459e+000
-9.76154377e-001
-1.01552934e-002
-1.21789479e+000
-2.81733064e-001
-1.12013339e+000
-1.34433407e+000
-8.32357199e-001
-1.13091109e+000
-8.64179108e-001
-8.33639972e-001
-1.14287431e+000
-9.26375041e-001
-9.61872952e-001
-1.18843627e+000
-8.35298897e-001
-8.90602727e-001
-1.08784347e+000
-8.34928847e-001
-8.32342953e-001
-1.04438409e+000
-1.66696242e-001
-1.00245405e+000
-5.83220697e-001
-8.80260990e-001
-8.41234138e-001
-1.14879715e+000
-1.07733838e+000
-1.17065835e+000
-9.50061394e-001
-8.33047121e-001
-9.10574077e-001
-1.11043888e+000
-8.32813795e-001
-1.06641519e+000
-1.12605697e+000
-8.53935282e-001
-1.13677671e+000
-1.03156655e+000
-1.15424766e+000
-8.32003346e-001
-8.32533198e-001
-1.11303000e+000
-9.36925553e-001
-1.27897218e+000
-8.67982314e-001
-9.87241566e-001
-1.09711991e+000
-8.98004329e-001
-1.14084303e+000
-8.31990879e-001
-7.35297734e-001
-8.35243242e-001
-1.08840514e+000
-9.72639719e-001
-1.05632324e+000
-1.01592301e+000
-7.97859477e-001
-8.43932015e-001
-1.14632761e+000
-8.35486669e-001
-1.21527953e+000
-8.31879384e-001
-1.07796252e+000
-1.13199292e+000
-9.20354925e-001
-9.58054145e-001
-8.85813325e-001
-1.32016186e+000
-7.81626075e-001
-1.11881321e+000
-8.56476713e-001
0.00000000e+000
-1.18733691e+000
-8.77963623e-001
0.00000000e+000
-1.13592556e+000
-1.04609029e+000
-1.10652795e+000
-9.06740845e-001
-8.54389461e-001
-8.30898626e-001
-9.44528050e-001
-1.00074114e+000
-1.31291076e+000
-8.86996631e-001
-1.09810607e+000
-8.72173125e-001
-1.17150452e+000
-3.84749077e-002
-1.06856147e+000
-8.44054690e-001
-1.13964811e+000
-8.35537030e-001
-1.31814595e+000
-8.65227604e-001
-1.08942600e+000
-1.30996539e+000
-8.93682033e-001
-9.31000025e-001
-9.86722626e-001
-1.03074202e+000
-1.29321497e+000
-1.25315006e+000
-8.39478220e-001
-8.46480250e-001
-8.74107277e-001
-8.31846704e-001
-8.28610654e-001
-8.42036067e-001
-9.71772640e-001
-8.59328756e-001
-8.92712114e-001
-1.05872215e+000
-8.58632603e-001
-9.16658842e-001
-8.31620625e-001
-1.80303095e-001
-8.29561001e-001
-1.08058031e+000
-1.01487608e+000
-8.59360596e-001
-9.57805885e-001
-1.31112159e+000
-8.79145544e-001
-9.02497339e-001
-8.36118474e-001
-8.70370740e-001
-8.28151951e-001
-8.36403317e-001
-8.97614242e-002
-1.12336242e+000
-1.00075185e+000
-1.09923446e+000
-8.35204808e-001
-8.47991578e-001
-8.50963677e-001
-9.43720411e-001
-1.19388025e+000
-3.94727675e-001
-1.11152244e+000
-1.04591891e+000
-1.07152911e+000
-8.33963877e-001
-1.09062774e+000
-1.12714752e+000
-8.56572259e-001
-8.25190414e-001
-8.64762512e-001
-5.07057195e-001
-9.86414727e-001
-1.15673281e+000
-2.55327166e-001
-8.28010446e-001
-1.27552139e+000
-8.86983665e-001
-9.29606878e-001
-1.13083237e+000
-9.03906257e-003
-1.03026887e+000
-8.47173975e-001
-9.72109631e-001
-8.31550168e-001
-8.37305014e-001
-1.08202698e+000
-8.41234830e-001
-8.51493779e-001
-8.23041459e-001
-9.14459980e-001
-1.22993011e+000
-1.05938139e+000
-8.46042418e-001
-6.68209057e-001
-1.15155612e+000
-1.29228917e+000
-1.01732132e+000
-9.57569800e-001
-8.26153631e-001
-8.21980998e-001
-8.71417797e-001
-8.95420558e-001
-8.27139949e-001
-1.09253980e+000
-1.00284094e+000
-8.22561882e-001
-1.28539739e+000
-8.39293305e-001
-1.10541553e+000
-9.42911508e-001
-8.48294793e-001
-1.07056950e+000
-1.17738596e+000
-8.18853717e-001
-1.11750602e+000
-9.87153897e-001
-1.04652304e+000
-8.56429806e-001
-8.32098632e-001
-1.25361197e+000
-1.94366628e-001
-1.12162722e+000
-9.28034403e-001
-8.31607610e-001
-8.78748790e-001
-9.72307239e-001
-8.18742570e-001
-1.03377172e+000
-1.08180258e+000
-8.16957834e-001
-1.12568100e+000
-8.42185728e-001
-9.95898579e-002
-8.26995301e-001
-8.24228881e-001
-1.05829457e+000
-9.07589628e-001
-8.40620826e-001
-9.56125042e-001
-8.14036553e-001
-8.62127797e-001
-8.38335197e-001
-1.02038234e+000
-8.56845966e-001
-1.20896083e+000
-1.14593558e+000
-8.36041448e-001
-3.63305479e-002
-1.28020111e+000
-1.00444369e+000
-8.87229796e-001
-2.72153776e-001
-1.26795836e+000
0.00000000e+000
-1.04685140e+000
-9.40726821e-001
0.00000000e+000
-8.16259372e-001
-8.15934148e-001
-8.32333981e-001
-9.88190200e-001
-8.10999145e-001
-8.28089938e-001
-8.46236228e-001
-1.07036515e+000
-1.16948922e+000
-8.31711138e-001
-1.10080071e+000
-1.03369770e+000
-8.69458529e-001
-1.11376639e+000
-9.71667039e-001
-1.26867677e+000
-8.09394587e-001
-1.27459319e+000
-8.47747317e-001
-9.18353648e-001
-1.23589184e+000
-1.05935628e+000
-1.11847327e+000
-8.31373427e-001
-8.08560985e-001
-3.63472096e-001
-1.02160325e+000
-8.18055598e-001
-7.32348520e-001
-9.54686544e-001
-1.26525222e+000
-8.14737446e-001
-8.51739683e-001
-8.04617615e-001
-4.71393026e-001
-8.96510254e-001
-1.00501922e+000
-1.12313520e+000
-7.83514026e-001
-1.09095053e+000
-1.04765152e+000
-5.92965515e-001
-1.19322235e+000
-1.07102386e+000
-1.13993741e+000
-7.92906746e-001
-8.32549704e-001
-9.88486843e-001
-8.05678720e-001
-8.76523206e-001
-8.01752768e-001
-9.31547304e-001
-8.07575558e-001
-8.43906863e-001
-8.31800525e-001
-8.16018986e-001
-1.24455744e+000
-8.35109960e-001
-1.03566855e+000
-8.56031067e-001
-8.50691662e-001
-1.15717515e+000
-9.71238207e-001
-1.41365682e-001
-1.05971212e+000
-7.98523003e-001
-8.19437301e-001
-8.57335727e-001
-8.05718521e-001
-9.07150384e-003
-1.02311839e+000
-8.44155990e-001
-2.25402472e-001
-8.74157438e-001
-9.07588286e-001
-7.99096794e-001
-8.41030205e-001
-6.28830500e-002
-8.19003106e-001
-1.11169159e+000
-8.83991496e-001
-1.09307625e+000
-9.50627096e-001
-1.00635969e+000
-8.37872471e-001
-8.42270147e-001
-7.93631626e-001
-1.21964230e+000
-1.07219012e+000
-7.96529942e-001
-1.11718519e+000
-8.71321885e-001
-8.06607122e-001
-8.86099928e-001
-1.25644550e+000
-8.07213664e-001
-1.05372713e+000
-9.89034591e-001
-1.12266272e+000
-1.18713278e+000
-8.31880578e-001
-7.90687452e-001
-9.26165802e-001
-8.64086629e-001
-8.64574485e-001
-8.24183501e-001
-3.08954451e-001
-1.14131775e+000
-7.96351879e-001
-1.24626131e+000
-1.04123565e+000
-8.52434326e-001
-7.87398525e-001
-7.96340271e-001
-8.17526445e-001
-9.68140816e-001
-1.06682685e+000
-1.15609470e+000
-1.02860601e+000
-4.15966048e-001
-8.47997024e-001
-5.32245219e-001
-8.09102175e-001
-8.07362666e-001
-9.04530190e-001
-7.82948044e-001
-1.01107887e+000
-7.84890580e-001
-8.31864030e-001
-9.46378981e-001
-1.22574393e+000
-7.86019612e-001
-8.32957697e-001
-1.20628904e+000
-7.95955131e-001
-8.81477472e-001
-1.11060881e+000
-6.78962147e-001
-9.87903326e-001
-1.08907334e+000
-8.59876792e-001
-1.06085171e+000
-8.31991523e-001
-7.95214463e-001
-1.24045855e+000
-1.17850665e+000
-1.11711983e+000
-8.14908674e-001
-8.59064709e-001
0.00000000e+000
0.00000000e+000
-1.24447212e+000
-1.04802763e+000
-9.24607146e-001
-2.41041941e-002
-7.75772652e-001
-1.14134843e+000
-7.76345048e-001
-7.83305238e-001
-8.15802612e-001
-1.12367368e+000
-9.66753137e-002
-8.47177922e-001
-1.03485549e+000
-9.65908262e-001
-8.41182490e-001
-1.24037116e+000
-1.15861267e+000
-8.43363964e-001
-7.82811999e-001
-7.98197028e-001
-1.67630180e-001
-8.69372507e-001
-8.39504636e-001
-1.08434159e+000
-8.23530164e-001
-9.01651837e-001
-1.06562177e+000
-1.01138804e+000
-7.71345922e-001
-2.58488644e-001
-8.33226390e-001
-1.23029427e+000
-7.95714859e-001
-7.67417739e-001
-1.05223188e+000
-8.77832097e-001
-7.83043203e-001
-9.43449154e-001
-1.20142615e+000
-8.32169004e-001
-7.71536686e-001
-3.56762148e-001
-8.05499103e-001
-9.86937195e-001
-8.53517435e-001
-8.54421692e-001
-7.62520517e-001
-1.10918178e+000
-4.72227364e-001
-7.81525569e-001
-1.09050284e+000
-7.69687115e-001
-8.34075626e-001
-9.20262348e-001
-1.07074206e+000
-7.89268688e-001
-1.11690294e+000
-1.03723659e+000
-7.60840824e-001
-1.16335038e+000
-8.05174089e-001
-1.14696691e+000
-8.15287035e-001
-9.64337987e-001
-6.17056726e-001
-8.96439316e-001
-1.12478391e+000
-7.69944479e-001
-8.33568645e-001
-1.18367265e+000
-7.58879447e-001
-1.01233954e+000
-7.73112315e-001
-7.53728683e-001
-9.07409674e-003
-8.71281681e-001
-8.62410107e-001
-8.32434412e-001
-7.97268787e-001
-1.05590901e+000
-7.52004622e-001
-6.29016961e-002
-8.50800634e-001
-7.82060750e-001
-9.40691257e-001
-8.17005303e-001
-7.57056925e-001
-8.12742576e-001
-8.30526546e-001
-7.49277268e-001
-8.03651285e-001
-8.49979657e-001
-7.59890748e-001
-7.80805823e-001
-9.90991973e-001
-9.16479592e-001
-1.20567625e+000
-8.45616515e-001
-9.04012814e-001
-8.74577711e-001
-8.79838065e-001
-8.09777626e-001
-1.19601287e+000
-7.68940110e-001
-8.41204983e-001
-9.24880263e-001
-1.03969644e+000
-1.10510015e+000
-8.73741754e-001
-3.09067476e-001
-8.91677166e-001
-1.08294927e+000
-7.45257556e-001
-1.41422779e-001
-8.92958345e-001
-9.09562629e-001
-7.47692906e-001
-8.70485632e-001
-1.11390491e+000
-1.19503533e+000
-8.69469047e-001
-7.88550184e-001
-7.65324103e-001
-8.32852091e-001
-7.91498457e-001
-7.56680131e-001
-9.17922815e-001
-4.16134072e-001
-9.67256599e-001
-2.25499472e-001
-8.49129597e-001
-9.25082590e-001
-1.12299725e+000
-8.80001655e-001
-8.58141729e-001
-8.98472031e-001
-7.38448731e-001
-1.01813326e+000
-8.27015550e-001
-9.05758331e-001
-1.19033287e+000
-8.12066339e-001
-1.17083067e+000
-9.43463892e-001
-1.06657272e+000
-9.09780936e-001
-1.21406662e+000
-7.70403546e-001
-7.74212599e-001
-1.21815664e+000
-7.50819342e-001
0.00000000e+000
-5.32511029e-001
-8.05958099e-001
-8.83695611e-001
-7.42539281e-001
0.00000000e+000
-9.03981751e-001
-1.21058556e+000
-8.93840174e-001
-1.20298033e+000
-9.18272105e-001
-8.92896090e-001
-7.33597979e-001
-7.96634645e-001
-8.98701520e-001
-1.04105738e+000
-8.34549649e-001
-3.63513007e-002
-6.79385048e-001
-1.21473533e+000
-7.56250795e-001
-8.92929290e-001
-9.95660155e-001
-8.71092396e-001
-8.76329485e-001
-7.57472942e-001
-7.86699535e-001
-8.33341861e-001
-8.83904413e-001
-8.45650691e-001
-1.20339272e+000
-7.30179637e-001
-1.09607738e+000
-8.79946417e-001
-8.63751879e-001
-7.77891636e-001
-9.71564578e-001
-8.23284819e-001
-7.33234000e-001
-7.41208928e-001
-1.21811655e+000
-1.01839560e+000
-8.11870767e-001
-1.10538178e+000
-8.52063504e-001
-7.68436554e-001
-1.06905380e+000
-9.96579095e-002
-8.47324916e-001
-7.22216027e-001
-1.11499924e+000
-9.47153236e-001
-9.21393500e-001
-8.42600698e-001
-8.95459861e-001
-1.22687653e+000
-7.59035448e-001
-3.63741450e-001
-8.02009509e-001
-1.17441501e+000
-1.04202068e+000
-7.26650451e-001
-8.35009767e-001
-7.38358803e-001
-8.69613540e-001
-1.00091489e+000
-7.85464615e-001
-2.72364065e-001
-8.33786981e-001
-8.43386910e-001
-7.18409576e-001
-1.17962175e+000
-8.70151985e-001
-7.42591489e-001
-4.71797565e-001
-8.75432113e-001
-7.17445689e-001
-7.83065376e-001
-9.76338852e-001
-1.94523615e-001
-7.47303423e-001
-8.58830481e-001
-1.02437445e+000
-9.04622120e-003
-7.65727549e-001
-9.53892571e-001
-9.27833501e-001
-8.21971816e-001
-7.27354254e-001
-1.08170051e+000
-8.01827504e-001
-9.00130378e-001
-7.20106209e-001
-5.93549313e-001
-7.10767871e-001
-1.22633469e+000
-8.73919986e-001
-1.09081649e+000
-7.60431774e-001
-8.35303057e-001
-7.47419212e-001
-1.00644991e+000
-1.05304179e+000
-7.15276182e-001
-1.10014758e+000
-8.34098276e-001
-8.00660197e-001
-8.49283609e-001
-9.83985579e-001
-1.16469372e+000
-7.27888745e-001
-7.08860359e-001
-7.74161650e-001
-8.63714733e-001
-7.30984381e-001
-8.98458193e-002
-7.06742696e-001
-9.61463255e-001
-1.20332320e+000
-8.12777986e-001
-1.18459794e+000
-8.51289169e-001
-9.33948163e-001
-1.03464576e+000
-1.25263670e+000
-1.20195708e+000
-8.46959986e-001
-9.06005669e-001
-7.77995143e-001
-8.27764941e-001
-7.56207288e-001
-8.42588258e-001
-7.39693940e-001
-7.33321055e-001
-1.19474201e+000
-1.20781833e+000
0.00000000e+000
-1.00781473e+000
-7.16390700e-001
-7.13591898e-001
-2.55595525e-001
-1.19905068e+000
-7.84613846e-001
-7.01994517e-001
-1.22397493e+000
-8.81607164e-001
-3.85134531e-002
0.00000000e+000
-9.85237713e-001
-7.86621480e-001
-7.94149667e-001
-8.34335083e-001
-1.06387428e+000
-1.80495626e-001
-7.38243252e-001
-8.71231243e-001
-8.45310880e-001
-7.05833396e-001
-1.22225373e+000
-7.56169821e-001
-8.57224135e-001
-1.07245405e+000
-8.02323010e-001
-8.85753424e-001
-9.66383809e-001
-8.52284693e-001
-1.03611000e+000
-8.56302431e-001
-8.13844992e-001
-9.38737010e-001
-7.03171338e-001
-7.67068902e-001
-1.08110599e+000
-7.22506942e-001
-7.21782276e-001
-1.14223551e+000
-6.99241024e-001
-1.00922663e+000
-8.75815950e-001
-9.13028772e-001
-7.98692460e-001
-3.95220572e-001
-1.16667723e+000
-7.79166555e-001
-7.48991338e-001
-8.35700271e-001
-8.31184326e-001
-9.90446305e-001
-1.24443124e+000
-8.73232962e-001
-7.37333500e-001
-7.08197020e-001
-8.34574633e-001
-8.88819958e-001
-7.09398581e-001
-6.97635127e-001
-8.62173950e-001
-7.80304991e-001
-5.07753097e-001
-1.23312535e+000
-9.71798908e-001
-7.32786166e-001
-8.66120201e-001
-8.15291188e-001
-7.00495952e-001
-7.57573149e-001
-1.01672134e-002
-6.69221292e-001
-8.06537421e-001
-8.49618073e-001
-1.04541126e+000
-8.65334763e-001
-9.46736621e-001
-7.61865400e-001
-8.45870017e-001
-8.42086262e-001
-7.02282443e-001
-7.18412689e-001
-1.05353832e+000
-1.22795318e+000
-1.01872688e+000
-7.22543788e-001
-8.35940641e-001
-6.96979687e-001
-9.21441174e-001
-1.66910400e-001
-1.06164851e+000
-7.45833774e-001
-8.34897625e-001
-7.91852888e-001
-7.84273455e-001
-1.00030215e+000
-7.08118180e-001
-8.40993717e-001
-8.55197778e-001
-1.11283230e+000
-7.40215480e-001
-1.19525616e+000
-8.98523527e-001
-7.31068433e-001
-7.12912647e-001
-1.17159963e+000
-6.99272504e-001
-7.74292259e-001
-9.29162702e-002
-1.20406460e+000
-9.75644096e-001
-1.21443304e+000
-7.01682261e-001
-1.18898778e+000
-8.08774119e-001
-8.15753939e-001
-7.63556206e-001
-7.60665960e-001
-2.82141548e-001
-7.19426607e-001
-9.51357109e-001
-8.36201926e-001
-8.76222518e-001
-7.29499378e-001
-1.23730601e+000
-1.21776124e+000
-7.08114506e-001
-1.02839608e+000
-1.17976817e+000
0.00000000e+000
-4.06396474e-002
-8.35257768e-001
-7.00112534e-001
-1.23655398e+000
-8.58993094e-001
-7.46261169e-001
-1.03626450e+000
-9.29781072e-001
-7.11334604e-001
-7.86722735e-001
-7.95481264e-001
-7.51526623e-001
-1.00416831e+000
0.00000000e+000
-8.52211215e-001
-1.04406765e+000
-8.19723417e-001
-7.21402732e-001
-7.32216417e-001
-8.47432788e-001
-7.04829142e-001
-7.74200837e-001
-8.44404322e-001
-9.08336459e-001
-1.25928087e+000
-7.06774073e-001
-8.41354128e-001
-1.09127522e+000
-9.80665308e-001
-4.27914245e-001
-8.29754736e-001
-7.80102696e-001
-7.23516879e-001
-7.62577001e-001
-7.14984420e-001
-7.41834205e-001
-8.84193356e-001
-5.84232036e-001
-8.35594157e-001
-1.13536018e+000
-8.00693506e-001
-9.60056029e-001
-1.21713885e+000
-7.08076862e-001
-8.60022829e-001
-2.00222725e-001
-7.49127572e-001
-8.51135752e-001
-7.17276298e-001
-7.36739911e-001
-1.22066372e+000
-7.31521283e-001
-1.01410992e+000
-7.87306078e-001
-7.99465698e-001
-8.21968014e-001
-9.39744917e-001
-7.13888797e-001
-8.14277852e-001
-7.70321955e-001
-8.62177342e-001
-7.37417738e-001
-7.83413713e-001
-1.02185562e+000
-1.18275368e-001
-7.15591959e-001
-8.56377121e-001
-7.76488079e-001
-8.72688465e-001
-9.17157863e-001
-8.95176114e-001
-9.91772548e-001
-1.02950111e+000
-1.00851326e-002
-7.26576766e-001
-8.36570468e-001
-8.12469014e-001
-8.46269337e-001
-7.53586808e-001
-7.29976601e-001
-1.25611232e+000
-8.35859967e-001
-8.59238045e-001
-8.02156434e-001
-1.07399335e+000
-8.48578538e-001
-7.64461362e-001
-3.24409509e-001
-8.95025517e-001
-9.72441730e-001
-8.01114628e-001
-7.20500857e-001
-8.76824409e-001
-8.89548551e-001
-8.50082729e-001
-7.26642624e-001
-1.18224687e+000
-7.44283500e-001
-8.51811476e-001
-7.53479260e-001
-1.11412999e+000
-1.19201512e+000
-8.24253865e-001
-7.82011413e-001
-8.44422378e-001
-9.51468668e-001
-8.62444327e-001
-4.50879896e-001
-1.21794616e+000
-8.42254914e-001
-7.29053816e-001
-1.23347923e+000
-7.89677474e-001
-1.20527633e+000
-1.17140726e+000
-8.35342647e-001
-8.40089891e-001
-8.81445015e-001
-1.17725619e+000
-8.80659910e-001
-6.06583156e-001
-8.54331056e-001
-7.47350944e-001
-7.28677788e-001
-8.36611954e-001
-1.23197103e+000
-9.30475016e-001
-8.49617901e-001
-7.67518257e-001
-1.00348060e+000
-7.79302444e-001
-8.36029368e-001
-8.12462429e-001
-8.68276005e-001
-7.43732509e-001
-1.01117691e+000
-8.16065085e-001
0.00000000e+000
-7.43161361e-001
-9.83536647e-001
-1.23876652e+000
-7.69571011e-001
-8.69974613e-001
-1.01874445e+000
-9.11624217e-001
-8.61984366e-001
-7.36605544e-001
-8.03050277e-001
-8.45012927e-001
-2.36086855e-001
-7.99120881e-001
-1.06017937e+000
-8.23444327e-001
-7.63801165e-001
-9.64240271e-001
-4.26506659e-002
-7.63305293e-001
-7.43328631e-001
-7.93691143e-001
-8.50187609e-001
0.00000000e+000
-7.48327686e-001
-1.09730542e+000
-8.45505045e-001
-8.36548908e-001
-9.00493257e-001
-3.44868640e-001
-1.22798808e+000
-8.36099861e-001
-9.46568157e-001
-7.85020748e-001
-7.89934778e-001
-1.15468390e+000
-7.59698073e-001
-8.33113886e-001
-8.14069855e-001
-7.48773979e-001
-7.64527114e-001
-8.82860779e-001
-7.77002192e-001
-8.29422787e-001
-4.73511675e-001
-8.43120866e-001
-9.97236494e-001
-9.29824652e-001
-1.19696694e+000
-8.06485037e-001
-8.40445759e-001
-7.58825135e-001
-1.00491986e+000
-8.39378233e-001
-7.57755955e-001
-8.38276337e-001
-8.21040797e-001
-7.73042469e-001
-8.65176304e-001
-1.04486893e+000
-7.87021115e-001
-9.79670189e-001
-1.01245672e+000
-1.21200787e+000
-7.99123276e-001
-9.12925898e-001
-8.22110046e-001
-8.36143110e-001
-1.08201370e+000
-7.70056664e-001
-7.92300894e-001
-7.62433093e-001
-7.70732327e-001
-1.20909838e+000
-1.20045817e+000
-9.63957504e-001
-8.15632209e-001
-1.11181074e+000
-1.21456961e+000
-8.13687287e-001
-8.97722600e-001
-8.31437247e-001
-7.86070966e-001
-8.56941515e-001
-1.21067721e-001
-7.87472701e-001
-8.39342671e-001
-1.13717170e+000
-7.69290251e-001
-8.09774881e-001
-1.11898135e-002
-7.71726786e-001
-9.47734719e-001
-8.38700745e-001
-8.28401167e-001
-7.82451764e-001
-1.17388850e+000
-8.02722260e-001
-1.17723389e+000
-1.16336820e+000
-8.36437624e-001
-1.18461717e+000
-8.11103585e-001
-7.10188683e-001
-8.47432119e-001
-9.95840916e-001
-8.23590881e-001
-8.88459561e-001
-7.80180793e-001
-9.32880659e-001
-8.36252629e-001
-7.81578877e-001
-7.77555290e-001
-7.97447200e-001
-7.58475510e-001
-1.00351981e+000
-1.19198941e+000
-8.37240554e-001
-7.64523749e-001
-1.06902917e+000
-8.18586195e-001
-7.94101021e-001
-1.04046074e+000
0.00000000e+000
-9.80771010e-001
-1.01104735e+000
-8.11610224e-001
-8.33474942e-001
-7.95751245e-001
-1.09677221e+000
-9.20890400e-001
-7.86524121e-001
-8.40990256e-001
-8.13194433e-001
-8.13557279e-001
-1.20395606e+000
-7.85556516e-001
-8.39347261e-001
-1.19951519e+000
-8.11027983e-001
-8.37107170e-001
-8.82057142e-001
-1.12217340e+000
-8.37012459e-001
-9.66478455e-001
-8.29327997e-001
-8.08252305e-001
-8.36875382e-001
-7.94994757e-001
-8.36573239e-001
-7.98847459e-001
-1.14557458e+000
-8.44475309e-001
-8.25998776e-001
-7.93551236e-001
-8.36505060e-001
-7.95300004e-001
-9.13459881e-001
-8.07086657e-001
-9.54879526e-001
-8.37363265e-001
0.00000000e+000
-8.72716749e-001
-8.22105511e-001
-8.40249654e-001
-8.13516832e-001
-1.16175868e+000
-8.35374535e-001
-2.27621730e-001
-8.34292353e-001
-8.04214138e-001
-8.18460014e-001
-4.45922542e-002
-5.94604274e-001
-8.40752490e-001
-9.99424357e-001
-1.17704471e+000
-8.07638492e-001
-8.01950523e-001
-8.32704808e-001
-9.44356130e-001
-1.00709632e+000
-8.15762235e-001
-1.10743327e+000
-9.05187854e-001
-3.34167344e-001
-8.31898463e-001
-8.66128786e-001
-8.07955864e-001
-1.19153160e+000
-1.18511609e+000
-8.36903555e-001
-9.86781863e-001
-1.01462522e+000
-1.08907033e+000
-8.18362303e-001
-1.06513495e+000
-1.13829523e+000
-8.10077449e-001
-8.29531159e-001
-1.12908624e+000
-8.36928418e-001
-1.04168744e+000
-8.32623155e-001
-8.10737461e-001
-8.16544107e-001
-8.27199799e-001
-1.15658952e+000
-8.59267326e-001
-8.34917048e-001
-9.35735484e-001
-8.37314351e-001
-8.96875856e-001
-9.76819060e-001
-8.22428926e-001
-8.25669547e-001
-8.18587935e-001
-8.18151993e-001
-1.17885340e+000
-8.54450638e-001
-8.37095318e-001
-8.35508768e-001
-8.21076261e-001
-8.25107880e-001
-9.65478768e-001
-8.36146936e-001
-8.39222762e-001
-8.90727314e-001
-8.28033041e-001
-8.36737076e-001
-9.28756362e-001
-8.36565202e-001
-8.37579038e-001
-8.27010720e-001
-1.10542487e-002
-1.00776000e+000
-8.27248016e-001
-8.35831494e-001
-1.15041244e+000
-8.57207075e-001
-1.14331556e+000
-8.84011506e-001
-1.01544269e+000
-8.39418507e-001
-8.42902437e-001
-1.13597863e+000
-1.16512444e+000
-1.15450362e+000
-1.18714753e+000
-9.57997933e-001
-1.15430388e-001
-8.30490176e-001
-8.35862823e-001
-9.21398257e-001
-1.12227824e+000
-8.34070153e-001
-9.96990407e-001
-1.02300330e+000
-8.36001050e-001
0.00000000e+000
-1.10810622e+000
-1.04822949e+000
-1.16442708e+000
-8.40682284e-001
-1.09031290e+000
-8.80388799e-001
-8.36605136e-001
-8.36104788e-001
-1.07150395e+000
-8.61093916e-001
-8.46511842e-001
-9.86826650e-001
-8.41708573e-001
-1.17248515e+000
-8.38364386e-001
-8.31347926e-001
-9.15503816e-001
-8.38415007e-001
-9.54516643e-001
-8.44046331e-001
-8.42847953e-001
-8.38585057e-001
-8.82372993e-001
-8.62957136e-001
-8.42098848e-001
-9.10144314e-001
-8.44189973e-001
-8.53391798e-001
-8.41858862e-001
-8.46327056e-001
-9.82893646e-001
-1.15986769e+000
-9.47466139e-001
-1.18211461e+000
-1.15495426e+000
-8.46187218e-001
-1.17964831e+000
-8.82035437e-001
-1.02029963e+000
-9.06041782e-001
-8.65664657e-001
-7.15672554e-001
0.00000000e+000
-8.45368578e-001
-8.35958256e-001
-1.14414672e+000
-8.53815850e-001
-7.76796547e-001
-8.48740207e-001
-1.02804267e+000
-8.36948605e-001
-4.64185892e-002
-4.38916862e-001
-1.13407749e+000
-7.59039405e-001
-8.59831950e-001
-8.37946218e-001
-9.43246643e-001
-1.01115174e+000
-8.47894779e-001
-1.03569485e+000
-1.12344931e+000
-9.03996212e-001
-8.52250485e-001
-8.82969052e-001
-8.39522057e-001
-8.30147656e-001
-1.10987310e+000
-1.17286809e+000
-8.55364377e-001
-9.80084921e-001
-8.62609249e-001
-1.06552646e+000
-8.39759790e-001
-8.17832995e-001
-8.32017750e-001
-8.70881918e-001
-1.10025780e+000
-2.18905565e-001
-8.56752269e-001
-9.37725452e-001
-8.51377033e-001
-1.08657175e+000
-8.41933015e-001
-9.02937422e-001
-8.46045092e-001
-8.62722513e-001
-8.54644659e-001
-9.75240674e-001
-9.31698282e-001
-8.56765654e-001
-1.00828280e+000
-8.68639935e-001
-8.39388814e-001
-8.44101373e-001
-8.60352091e-001
-8.31733120e-001
-8.89393043e-001
-8.76091973e-001
-1.16083673e+000
-1.16578091e+000
-8.60805731e-001
-8.51275909e-001
-8.30072967e-001
-9.28976150e-001
-9.70910478e-001
-8.40576067e-001
-1.15915285e+000
-9.99145654e-001
-8.66305499e-001
-9.07840434e-001
-8.40862371e-001
-1.03625532e+000
-8.26766849e-001
-8.44385411e-001
-8.55996961e-001
-9.63775207e-001
-1.15205475e+000
-8.92860137e-001
-1.04414270e+000
-1.14524730e+000
-8.72487662e-001
-1.21512905e-002
-1.14910905e+000
-8.46473238e-001
-8.33421853e-001
-9.94421261e-001
-1.13827597e+000
-1.05197533e+000
-9.57406071e-001
0.00000000e+000
-5.72001318e-001
-1.02723803e+000
-9.27450419e-001
-1.17255783e+000
-8.61535736e-001
-1.13246516e+000
-8.64596746e-001
-8.80082251e-001
-1.17800869e-001
-1.08129002e+000
-8.30671322e-001
-8.68040595e-001
-1.12670758e+000
-8.87435562e-001
-8.36839273e-001
-8.53010161e-001
-1.11742533e+000
-9.12891324e-001
-3.16177726e-001
-8.38159732e-001
-1.10343240e+000
-1.01835262e+000
-9.93654421e-001
-8.97147937e-001
-8.39498513e-001
-8.74001020e-001
-9.54062454e-001
-8.41949955e-001
-8.58704285e-001
-9.86348400e-001
-9.31269131e-001
-8.81136617e-001
-1.14620132e+000
-1.17301157e+000
-1.01734239e+000
-8.48492450e-001
-1.14233656e+000
-9.15566163e-001
-8.65235233e-001
-8.88750533e-001
-1.16682769e+000
-9.51469321e-001
-9.81896889e-001
-8.53508773e-001
-8.71723212e-001
-1.05467514e+000
-1.16335054e+000
-8.32893411e-001
-8.97548006e-001
-1.16771425e+000
-8.76024682e-001
-8.80810326e-001
-1.06285156e+000
-1.01639843e+000
-9.07084810e-001
-1.16039031e+000
-9.35427869e-001
-8.59981008e-001
-1.07102169e+000
0.00000000e+000
-8.42585149e-001
-1.15732131e+000
-9.18312850e-001
-1.04581296e+000
-1.15389340e+000
-8.88262639e-001
-8.42946049e-001
-1.10024267e+000
-4.83211134e-002
-9.77828276e-001
-1.17032100e+000
-1.01117827e+000
-1.12211843e+000
-1.15105415e+000
-8.96423949e-001
-1.15622890e+000
-9.54215933e-001
-8.50395628e-001
-1.14333476e+000
-8.67138007e-001
-4.30416733e-001
-1.04472010e+000
-8.74575273e-001
-9.36786810e-001
-9.05099136e-001
-2.15437586e-001
-8.59676097e-001
-8.31021298e-001
-1.00614503e+000
-8.37584628e-001
-8.82713155e-001
-9.75013585e-001
-1.14540730e+000
-1.16271702e+000
-8.88270671e-001
-1.03467510e+000
-8.39072813e-001
-8.94357417e-001
-9.17603065e-001
-8.40641698e-001
-1.16144470e+000
-8.43274809e-001
-8.67331070e-001
-9.28602592e-001
-8.43701656e-001
-9.57001093e-001
-1.16844883e+000
-1.07427524e+000
-9.02560875e-001
-6.90493670e-001
-1.02890584e+000
-8.75938092e-001
-7.38656224e-001
-1.08294476e+000
-9.41862321e-001
-1.00159128e+000
-8.55933967e-001
-1.16789437e+000
0.00000000e+000
-7.45042625e-001
-9.11668825e-001
-1.06362014e+000
-8.84710095e-001
-1.09169809e+000
-7.93099036e-001
-8.92217943e-001
-9.76478598e-001
-1.12330218e+000
-8.98682569e-001
-1.16807430e+000
-8.66783445e-001
-7.96936155e-001
-1.19433844e-002
-8.34270892e-001
-1.16852402e+000
-1.14506773e+000
-1.16277470e+000
-9.23927521e-001
-1.05274444e+000
-9.06469778e-001
-1.16742891e+000
-9.60981405e-001
-1.02881389e+000
-8.75991776e-001
-8.43579702e-001
-1.15761584e-001
-9.97582933e-001
-8.44083403e-001
-9.15511869e-001
-9.37819020e-001
-3.10925280e-001
-1.16368948e+000
-8.24336165e-001
-8.52492091e-001
-8.23882092e-001
-8.85875275e-001
-8.93904101e-001
-9.78559888e-001
-1.16646958e+000
-9.02393505e-001
-9.50651623e-001
-9.25707578e-001
-8.23368677e-001
-8.64179268e-001
-1.05191566e+000
-9.10360209e-001
-1.02305167e+000
-8.25438325e-001
-1.09295091e+000
-1.15368949e+000
-9.64809925e-001
-8.29423630e-001
-8.36122700e-001
-9.38937157e-001
-8.75417027e-001
-9.18965923e-001
-9.98411946e-001
-8.38021767e-001
-1.10220250e+000
-8.40018160e-001
-1.08021566e+000
-1.11168450e+000
-5.59216287e-001
-8.85941805e-001
-9.52492071e-001
-9.29001111e-001
-8.44022611e-001
-8.95787306e-001
-9.81482075e-001
-1.05065918e+000
-8.53551957e-001
-1.17692164e+000
-9.04784223e-001
-1.18715088e+000
-1.16817438e+000
-8.60387260e-001
-1.18471411e+000
-1.18356361e+000
-1.02208010e+000
0.00000000e+000
-1.15429570e+000
-9.65949337e-001
-9.39948234e-001
-9.14913909e-001
-1.18361958e+000
-4.48382138e-002
-9.99409651e-001
-8.72428803e-001
-9.23696417e-001
-1.07784530e+000
-9.52919007e-001
-1.14153894e+000
-9.81630885e-001
-8.30211936e-001
-8.85122946e-001
-1.04812568e+000
-8.95721693e-001
-2.11404609e-001
-9.34657323e-001
-8.42795111e-001
-9.06551667e-001
-9.67066731e-001
-1.17218077e+000
-1.02159907e+000
-8.43481368e-001
-9.98617409e-001
-8.54357496e-001
-1.10783581e+000
-9.16905633e-001
-1.06704754e+000
0.00000000e+000
-1.17549385e+000
-9.45486008e-001
-9.53380705e-001
-8.24076575e-001
-9.81982615e-001
-8.70079496e-001
-1.11730711e+000
-1.01672392e+000
-9.27916256e-001
-1.12710872e+000
-1.04565150e+000
-9.66911815e-001
-8.94727336e-001
-8.83656498e-001
-1.20614232e+000
-1.20018248e+000
-8.17914022e-001
-9.06125305e-001
-1.19173842e+000
-8.31844374e-001
-9.98114138e-001
-4.22020282e-001
-1.09447980e+000
-8.34443867e-001
-9.38984644e-001
-1.17781376e+000
-1.22954245e+000
-8.37144890e-001
-9.81522575e-001
-1.06321254e+000
-9.18425700e-001
-8.41687336e-001
-1.03918000e+000
-1.04912671e-002
-1.01513053e+000
-1.15187844e+000
-8.42489725e-001
-9.50690793e-001
-9.58554214e-001
-1.17883657e+000
-1.15722753e+000
-9.66831502e-001
-9.29582689e-001
-8.63862567e-001
-9.96767432e-001
-1.05887381e+000
-8.24492958e-001
-1.08201187e+000
-1.09532160e-001
-1.16217912e+000
-9.05111466e-001
-8.93346413e-001
-1.03350226e+000
-9.39658294e-001
-8.81433858e-001
-9.80809137e-001
-1.01435909e+000
-9.17780657e-001
-6.85122811e-001
-1.07671879e+000
-1.11700375e+000
-1.05185805e+000
-1.18436781e+000
-9.51274906e-001
-7.44233632e-001
-9.95768288e-001
-1.12597731e+000
-7.24371033e-001
-8.15329016e-001
-9.30948655e-001
-9.62109825e-001
-1.14032661e+000
-1.03174231e+000
-9.70306408e-001
-7.93249994e-001
-1.13525270e+000
-1.07180696e+000
-8.40155481e-001
-1.16796327e+000
-9.81353976e-001
-7.78520374e-001
-8.41097280e-001
-9.41154618e-001
-8.22716148e-001
-1.01244882e+000
-8.05813950e-001
-8.59017332e-001
-1.10199738e+000
-1.18790339e+000
-8.05092213e-001
-1.04604337e+000
-1.22165407e+000
-1.24356180e+000
-1.20755336e+000
-9.51731453e-001
-8.78504300e-001
-7.92382154e-001
-9.95771390e-001
-9.06102147e-001
-1.22715069e+000
-8.93170200e-001
-1.03031494e+000
-9.18137927e-001
0.00000000e+000
-9.62493368e-001
-1.06437623e+000
-3.21727580e-001
-1.19755163e+000
-1.09565438e+000
-7.94317701e-001
-8.12470660e-001
-8.24966326e-001
-7.94073217e-001
-8.28775317e-001
-2.02121365e-001
-7.99540024e-001
-4.15711036e-002
-9.73671999e-001
-1.01005360e+000
-8.32603952e-001
-9.31757623e-001
-1.04381418e+000
-1.17631254e+000
-1.07768952e+000
-7.79817154e-001
-1.14886875e+000
-9.84543351e-001
0.00000000e+000
-9.43732922e-001
-1.15500756e+000
-9.95979138e-001
-7.82856358e-001
-1.05802048e+000
-1.02689992e+000
-8.13902572e-001
-8.39650568e-001
-1.12093420e+000
-9.54464402e-001
-8.14408894e-001
-8.60002367e-001
-1.19307616e+000
-9.65830692e-001
-1.12880245e+000
-8.74528815e-001
-8.03818430e-001
-1.00974369e+000
-1.07027946e+000
-1.10030669e+000
-5.68774055e-001
-1.04364538e+000
-8.90604494e-001
-1.13683831e+000
-9.77001726e-001
-8.10240606e-001
-9.06347338e-001
-1.08297068e+000
-9.19342151e-001
-9.86999824e-001
-9.32133182e-001
-1.02414435e+000
-1.18404149e+000
-1.05697834e+000
-9.98139704e-001
-9.44522798e-001
-1.15812123e+000
-1.25005920e+000
-1.22382278e+000
-1.24675339e+000
-1.23228420e+000
-8.37546558e-001
-1.19234411e+000
-9.57062894e-001
-1.06969857e+000
-1.03983401e+000
-8.38729484e-001
-7.99707676e-001
-1.03614367e-001
-8.61113571e-001
-1.01107286e+000
-9.68515562e-001
-1.02449400e-002
-8.83989535e-001
-1.08157360e+000
-9.80269018e-001
-9.00809902e-001
-1.05639721e+000
-9.90188540e-001
-1.02481770e+000
-1.00042090e+000
-1.16598737e+000
-8.19231936e-001
-1.13912584e+000
-8.24310899e-001
-1.12204059e+000
-1.14630013e+000
-1.06838248e+000
-9.20240293e-001
-8.29304129e-001
-9.33863817e-001
-9.45292277e-001
-1.15928442e+000
-1.12867246e+000
-8.37150692e-001
-1.03993918e+000
-7.87682355e-001
-1.10400282e+000
-1.01307573e+000
-8.38441315e-001
-1.13534971e+000
-1.08067588e+000
-9.58245339e-001
-8.70739931e-001
-1.20382020e+000
-9.71959840e-001
-8.94481408e-001
-1.05543106e+000
-4.50108491e-001
-9.93518081e-001
-9.83848039e-001
-1.02597609e+000
-1.24905564e+000
-1.23728413e+000
-3.08019329e-001
-1.00362823e+000
-8.07250247e-001
-9.15004921e-001
-1.92769565e-001
-1.14963588e+000
-1.10162083e+000
-1.18750345e+000
-1.23824353e+000
-1.01359828e+000
-1.26852223e+000
-1.06913994e+000
0.00000000e+000
-1.04045235e+000
0.00000000e+000
-8.37672208e-001
-9.35343469e-001
-1.08055100e+000
-9.47329420e-001
-4.04637237e-002
-8.39052337e-001
-9.59218182e-001
-1.24106810e+000
-1.02622381e+000
-1.05528589e+000
-6.45328648e-001
-9.73350061e-001
-8.59221813e-001
-1.00699908e+000
-9.97189788e-001
-6.90080561e-001
-1.21199173e+000
-9.87493480e-001
-8.85759041e-001
-1.17575495e+000
-1.12274466e+000
-7.94756187e-001
-1.09200693e+000
-6.93083517e-001
-1.03901570e+000
-1.15314361e+000
-1.12834084e+000
-7.37640192e-001
-1.01686384e+000
-1.06815992e+000
-1.15346600e+000
-9.06170365e-001
-1.13630909e+000
-7.37339479e-001
-1.13392099e+000
-8.18661378e-001
-7.62447978e-001
-9.47191155e-001
-8.24508129e-001
-1.02682256e+000
-1.05319873e+000
-9.59451207e-001
-8.30280966e-001
-1.24024335e+000
-9.73848876e-001
-9.27883537e-001
-1.08121606e+000
-1.11135897e+000
-9.88216633e-001
-8.40742567e-001
-1.06541861e+000
-1.03933587e+000
-1.01012438e+000
-1.27208334e+000
-1.00033795e+000
-1.20800501e+000
-8.62129813e-001
-7.79549391e-001
-1.01890333e+000
-1.17161567e+000
-1.09189539e+000
-8.75811472e-001
-1.00977694e-001
-1.13978745e+000
-7.81786887e-001
-1.24432712e+000
-1.05196333e+000
-1.26677700e+000
-1.07790700e+000
-1.02880333e+000
-8.06910700e-001
-9.59682610e-001
-9.97248131e-003
-9.74471441e-001
-8.98178913e-001
-1.10263183e+000
-7.97368678e-001
-9.40211726e-001
-9.89004794e-001
-1.06362399e+000
-7.96092001e-001
-1.03922969e+000
-1.00128262e+000
-1.17051602e+000
-1.12444319e+000
-9.19506957e-001
-1.09018978e+000
-8.42221248e-001
-1.01355202e+000
-5.43236421e-001
-1.21783653e+000
-1.15273154e+000
-1.12924387e+000
-1.07546891e+000
-8.43712653e-001
-1.02236155e+000
-1.05157052e+000
-1.23130005e+000
-1.13399879e+000
-4.27885591e-001
-8.66158827e-001
-1.03112449e+000
-1.10042152e+000
-2.90822480e-001
-1.06306350e+000
0.00000000e+000
-1.08723055e+000
-1.04151705e+000
-1.11561671e+000
-1.19856903e+000
-8.93610412e-001
-1.00379397e+000
-1.07441082e+000
-8.23805522e-001
-9.61665427e-001
-8.30377346e-001
-1.19596952e+000
-9.77443266e-001
-1.01625629e+000
-1.05181817e+000
-8.36793830e-001
-1.09896042e+000
-9.16184119e-001
-9.92501550e-001
-9.41372232e-001
-8.14813916e-001
-1.08637028e+000
-8.46663558e-001
-1.02681294e+000
-1.10903912e+000
-7.88549931e-001
-1.25721518e+000
-1.06303224e+000
-8.48202095e-001
-1.03561415e+000
-1.15660364e+000
-1.87499083e-001
-8.05954934e-001
0.00000000e+000
-1.04397077e+000
-3.93902738e-002
-1.07417554e+000
-1.24905901e+000
-1.09770467e+000
-1.16759594e+000
-8.85526754e-001
-1.12783135e+000
-8.28934194e-001
-1.05427849e+000
-8.43184925e-001
-8.35530585e-001
-1.08548648e+000
-1.15095066e+000
-1.13204553e+000
-1.01912515e+000
-1.10765094e+000
-8.53077466e-001
-1.23901260e+000
-8.20695360e-001
-1.13619170e+000
-8.67142612e-001
-1.02986464e+000
-1.06525887e+000
-1.00791933e+000
-1.09690837e+000
-1.22783572e+000
-9.39251183e-001
-9.13037195e-001
-9.63968461e-001
-1.12145789e+000
-9.80300695e-001
-1.04049650e+000
-8.82361122e-001
-9.96282385e-001
-1.07610255e+000
-1.04886895e+000
-1.14228507e+000
-1.10642955e+000
-1.17820393e+000
-1.05718219e+000
-8.16337820e-001
-8.50486373e-001
-8.42985281e-001
-8.35312475e-001
-1.08758407e+000
-8.64812225e-001
-1.20870750e+000
-9.10590776e-001
-1.11608574e+000
-8.02040723e-001
-1.06816471e+000
-8.78653139e-001
-1.09819011e+000
-1.03362166e+000
-8.56391915e-001
-8.93688126e-001
-6.40665404e-001
-8.31391546e-001
-8.70664224e-001
-1.07888763e+000
-1.04446785e+000
-1.02249007e+000
-6.88547980e-001
-8.52154684e-001
-8.44675524e-001
-9.64665979e-003
-5.28362895e-001
-9.77490779e-002
-6.95462632e-001
-9.08403677e-001
-1.05626670e+000
-9.43062100e-001
-1.08998687e+000
-9.68358990e-001
-8.62581545e-001
-1.13335846e+000
-7.44710160e-001
-1.11068525e+000
-1.06456448e+000
-8.77957259e-001
0.00000000e+000
-1.10885376e+000
-4.09148416e-001
-7.49502884e-001
-1.13724113e+000
-8.58516715e-001
-1.10047550e+000
-8.27854724e-001
-7.77865499e-001
-1.23384830e+000
-8.85730943e-001
-8.02035733e-001
-8.41467356e-001
-1.14102395e+000
-8.70176759e-001
-1.11974253e+000
-1.16838121e+000
-8.54514892e-001
-1.12239797e+000
-8.12337398e-001
-9.00977396e-001
-1.12841035e+000
-8.09666240e-001
-9.41545041e-001
-1.15670659e+000
-9.96023322e-001
-1.04869226e+000
-1.01242459e+000
-8.77902061e-001
-8.70247750e-001
-1.22824666e+000
-1.16030696e+000
-8.27723564e-001
-1.06076414e+000
-1.11047163e+000
-2.83047910e-001
-8.85818885e-001
-8.66518003e-001
-6.60319872e-001
-1.07255278e+000
-1.09891268e+000
-1.11118511e+000
-8.78114360e-001
-9.33269984e-001
-7.03450250e-001
-1.11016034e+000
-1.20773199e+000
-8.93754471e-001
-8.46248349e-001
-5.25844166e-001
-7.39210585e-001
-9.73430280e-001
-8.59206453e-001
-1.21435434e+000
-1.10829554e+000
-1.11105615e+000
-1.08559719e+000
-8.90172771e-001
-1.18529258e+000
-8.33654986e-001
-1.12374790e+000
-1.12083400e+000
-8.78597953e-001
-1.11955460e+000
-1.12621286e+000
-1.04687234e+000
-8.98146425e-001
-1.12935058e+000
-1.12473960e+000
0.00000000e+000
-9.26935834e-001
-1.13548657e+000
-1.12206721e+000
-1.09639553e+000
-7.99383410e-001
-3.79185097e-002
-1.11992167e+000
-1.14166591e+000
-1.81325727e-001
-9.65919559e-001
-1.12724378e+000
-8.71714809e-001
-8.06716741e-001
-1.14454983e+000
-8.90774721e-001
-1.12205129e+000
-1.19002683e+000
-1.00179947e+000
-1.13051871e+000
-1.12638582e+000
-1.14570153e+000
-1.12174294e+000
-1.11970732e+000
-1.12909568e+000
-8.18909550e-001
-1.12514067e+000
-1.11925221e+000
-1.12379374e+000
-8.65152471e-001
-1.14952797e+000
-1.13242995e+000
-9.02783829e-001
-1.12648969e+000
-9.31280040e-001
-1.12337697e+000
-1.12155207e+000
-1.12032714e+000
-1.12952157e+000
-9.58467892e-001
-1.12554823e+000
-1.16206070e+000
-1.09440463e+000
-6.04051280e-001
-1.12221173e+000
-1.13278662e+000
-8.42355491e-001
-9.95925573e-001
-1.12849806e+000
-1.12962328e+000
-1.11833414e+000
-1.12566890e+000
-8.87824912e-001
-1.12020963e+000
-1.02989360e+000
-1.07388430e+000
-1.14079292e+000
-1.12293572e+000
-1.12809690e+000
-1.14686032e+000
-1.12508168e+000
-1.18017686e+000
-1.12473581e+000
-1.13117173e+000
-1.13215164e+000
-1.08609557e+000
-1.13476178e+000
-9.35818184e-001
-1.12280985e+000
-1.12714760e+000
-1.15105575e+000
-1.14295759e+000
-1.12528857e+000
-8.81791433e-001
-9.00064827e-001
-7.19043368e-001
-9.62820166e-001
-1.12905955e+000
-1.21460564e+000
-1.12715878e+000
-1.13199026e+000
-9.88878773e-001
-1.12981326e+000
0.00000000e+000
-1.12978543e+000
-1.12834901e+000
-1.02441948e+000
-8.71019176e-001
-1.11853329e+000
-1.15698134e+000
-1.14375410e+000
-1.13037143e+000
-3.95720684e-001
-1.16591869e+000
-1.13435700e+000
-1.13288392e+000
-1.13305604e+000
-7.72173733e-001
-9.67321414e-001
-1.16799968e+000
-1.14388276e+000
-1.14603286e+000
-1.15384622e+000
-1.06554290e+000
-1.19191150e+000
-9.93278213e-001
-8.98057520e-001
-9.25096938e-003
-9.39766759e-002
-1.01888587e+000
-1.14596730e+000
-1.14461096e+000
-1.11701790e+000
-1.16023821e+000
-1.15514976e+000
-9.31856778e-001
-8.87654718e-001
-1.05390138e+000
-1.21821476e+000
-1.13591089e+000
-9.97787315e-001
-2.71742364e-001
-1.10943586e+000
-1.19809984e+000
-8.78455001e-001
-1.16640218e+000
-1.16188792e+000
-1.15705011e+000
-1.02339424e+000
-1.14176473e+000
-1.14431282e+000
-5.05953879e-001
-1.04876395e+000
-1.21353052e+000
-1.18780824e+000
-9.63685890e-001
-1.10091359e+000
-9.30290538e-001
-1.13624765e+000
-1.16934999e+000
-1.16495446e+000
-1.02798365e+000
-1.14950240e+000
-1.15536262e+000
-1.09024947e+000
-1.05347062e+000
-8.72456928e-001
-1.18307935e+000
-1.07882670e+000
-9.96027039e-001
-1.17297673e+000
-1.13295525e+000
-1.16387035e+000
-1.18184589e+000
-1.15524869e+000
-1.05824425e+000
-9.61365209e-001
-3.62342118e-002
-9.26292902e-001
0.00000000e+000
-1.11932879e+000
-1.12514157e+000
-1.08383910e+000
-1.69021760e-001
-1.21210251e+000
-1.20021635e+000
-1.17101271e+000
-1.17229528e+000
-1.02622835e+000
-1.18618655e+000
-9.16874331e-001
-1.20396946e+000
-1.16353346e+000
-1.10884721e+000
0.00000000e+000
-1.15343892e+000
-1.05167377e+000
-1.20397476e+000
-1.08891995e+000
-9.93747918e-001
-1.19732534e+000
-8.74294546e-001
-3.78835350e-001
-1.11427197e+000
-1.17213263e+000
-1.19801494e+000
-9.58323996e-001
-1.21332139e+000
-1.16205771e+000
-9.03000323e-001
-1.13862885e+000
-1.14438529e+000
-1.15000629e+000
-1.08262990e+000
-1.11978041e+000
-1.02522736e+000
-1.19802908e+000
-1.17077055e+000
-1.15398155e+000
-1.05022739e+000
-1.14455581e+000
-1.15323964e+000
-1.15878930e+000
-9.93076158e-001
-5.76306295e-001
-1.21676433e+000
-8.74104920e-003
-8.60091373e-002
-1.07615227e+000
-1.21281472e+000
-9.56801995e-001
-1.21938837e+000
-1.19869908e+000
-1.21151650e+000
-1.15059054e+000
-1.15943902e+000
-7.07282215e-001
-1.16793337e+000
-1.18069596e+000
-1.11929414e+000
-2.52587522e-001
-1.02381964e+000
-1.19388402e+000
-1.21583033e+000
-1.22517513e+000
-7.97866781e-001
-9.92596893e-001
-1.22747230e+000
-1.11300694e+000
-9.47958413e-001
-1.15159800e+000
-1.20373272e+000
-1.19261275e+000
0.00000000e+000
-1.05656859e+000
-1.22516034e+000
-1.22982206e+000
-1.17547733e+000
-1.18452994e+000
-1.08185355e+000
-1.02473611e+000
-3.21393713e-002
-9.24476834e-001
-4.76461594e-001
-1.22179724e+000
0.00000000e+000
-1.54692877e-001
-1.15160690e+000
-1.24354391e+000
-9.98190221e-001
-1.11014858e+000
-1.24017882e+000
-1.21716170e+000
-3.24938714e-001
-1.16014457e+000
-1.05544689e+000
-1.18971295e+000
-1.17711492e+000
-1.21067000e+000
-9.95079214e-001
-1.24853025e+000
-1.03020052e+000
-1.20195538e+000
-1.21989206e+000
-1.14939461e+000
-1.08760376e+000
-1.05246018e+000
-1.24596441e+000
-9.80835307e-001
-7.24718121e-003
-9.02896968e-001
-7.71374166e-002
-1.11523696e+000
-1.21051134e+000
-1.18511762e+000
-1.27003292e+000
-2.10178091e-001
-1.23552074e+000
0.00000000e+000
-1.26269683e+000
-1.08072417e+000
-1.04281770e+000
-1.21234374e+000
-1.14563761e+000
-1.26684756e+000
-1.24961862e+000
-1.16969873e+000
-1.27550818e+000
-1.06029703e+000
-1.26484100e+000
-9.80067103e-001
-5.31052049e-001
-1.24252251e+000
-1.04905062e+000
-1.18274405e+000
-1.19667989e+000
-1.11542381e+000
-6.68487014e-001
-1.07779814e+000
-1.25415394e+000
-4.05314576e-001
-2.79485046e-002
-1.05511844e+000
-1.14518967e+000
-1.20500267e-001
-1.22158748e+000
-7.87152471e-001
-1.26296817e+000
0.00000000e+000
-2.70413588e-001
-1.10612156e+000
-1.28804797e+000
-1.07804380e+000
-1.25563975e+000
-1.18015535e+000
-1.23925615e+000
-1.08944177e+000
-1.29979554e+000
-1.08686048e+000
-1.07778732e+000
-1.28647263e+000
-9.42129157e-001
0.00000000e+000
-1.31320603e+000
-1.14306746e+000
-1.10088683e+000
-1.22173159e+000
-1.30335143e+000
-1.22307879e+000
-6.17935701e-001
-1.11467472e+000
-1.17813596e+000
-1.31668839e+000
-5.57681308e-002
-1.27722615e+000
-7.56705825e-001
-1.28443821e+000
-1.66074158e-001
-1.17758756e+000
-6.60981427e-003
-1.26142920e+000
-1.25507145e+000
-1.20678617e+000
-1.13137682e+000
-9.89648305e-001
-1.30887068e+000
-1.09956739e+000
-8.57376585e-001
-1.33222934e+000
-1.29934019e+000
-1.04830548e+000
-1.11741638e+000
-1.10477351e+000
-1.21746596e+000
-1.16287189e+000
-1.34202369e+000
-1.06002401e+000
-1.33513125e+000
-1.12119761e+000
-1.32865183e+000
-4.65310101e-001
-1.26075524e+000
-9.80263420e-001
-1.20089484e+000
-1.34729153e+000
-1.27392719e+000
-1.29419346e+000
-1.14759538e+000
-6.48169980e-001
-1.30163104e+000
-9.09859953e-002
-3.28112864e-001
-2.53153428e-002
0.00000000e+000
-1.24724938e+000
-1.30644648e+000
-1.36228448e+000
-7.52639982e-001
0.00000000e+000
-1.18263000e+000
-1.10977919e+000
-1.18663814e+000
-1.24850703e+000
-1.33432768e+000
-1.11574420e+000
-1.37672506e+000
-8.67340862e-001
-1.29521383e+000
-1.36221375e+000
-1.11989189e+000
-1.13668618e+000
-1.22804408e+000
-1.34268036e+000
-1.14066830e+000
-2.35945178e-001
-1.22582157e+000
-1.35659792e+000
-1.28023547e+000
-1.21360686e+000
-1.16795383e+000
-1.39408000e+000
-1.30061575e+000
-1.37791739e+000
-1.32116481e+000
-1.33485672e+000
-9.79822869e-001
-5.00281139e-001
-1.26584878e+000
-1.39816501e+000
-5.00685313e-002
-1.26444445e+000
-1.05014489e+000
-5.94127339e-003
-1.32089256e+000
-1.37626677e+000
-1.34592024e+000
-1.19574421e+000
-1.24961520e+000
-1.06413799e+000
-1.12891778e+000
-1.11389773e+000
-1.15152659e+000
-1.30423796e+000
-6.21683964e-001
-1.40408055e+000
-1.10704383e+000
0.00000000e+000
-9.27676012e-001
-1.44717826e-001
-1.11187073e+000
-1.28736824e+000
-7.26515458e-001
-1.36570819e+000
-1.20169117e+000
-1.42479624e+000
-1.39387998e+000
-1.44124593e+000
-1.34913122e+000
-1.32792554e+000
-1.25927299e+000
-1.20040865e+000
-1.44265573e+000
-1.37272138e+000
-3.75180827e-001
-1.32985290e+000
-1.28789958e+000
-1.42301892e+000
-2.25940898e-002
-8.05881009e-002
-1.29981028e+000
-1.13206177e+000
-1.16055304e+000
-1.25188636e+000
-1.47156791e+000
-1.44727297e+000
-1.10791709e+000
0.00000000e+000
-1.26796850e+000
-4.80136939e-001
-1.35266023e+000
-2.80419991e-001
-1.48038059e+000
-1.09193312e+000
-1.49772521e+000
-8.93025540e-001
-1.50240250e+000
-1.44495514e+000
-7.62047572e-001
-1.08062074e+000
-1.21695354e+000
-9.62394565e-001
0.00000000e+000
-1.44174743e+000
-5.93227615e-001
-1.41451215e+000
-1.41921192e+000
-9.82869328e-001
-1.32535113e+000
-1.51035655e+000
-1.38288122e+000
-2.02233380e-001
-1.16738099e+000
-1.22088864e+000
-1.38174380e+000
-4.41601487e-002
-1.28174269e+000
-5.26080178e-003
-1.51625786e+000
-1.04906028e+000
-1.55313707e+000
-1.50764411e+000
-1.10014913e+000
-1.57814940e+000
-1.58110399e+000
-1.35113624e+000
-1.26687551e-001
-9.16519362e-001
-7.42993227e-001
-1.04618580e+000
-9.66505472e-001
-1.53999090e+000
-1.33613971e+000
-3.87909234e-001
-1.50616616e+000
0.00000000e+000
-1.59396998e+000
-1.31784907e+000
-7.05855897e-002
-1.64468570e+000
-1.45557416e+000
-1.64125482e+000
-1.24707525e+000
-1.26054082e+000
0.00000000e+000
-9.58598377e-001
-2.07297658e-002
-4.82003755e-001
-1.68639104e+000
-2.97617771e-001
-1.14394849e+000
-8.48482900e-001
-9.74863023e-001
-1.49714230e+000
-1.59072738e+000
-1.68523675e+000
-1.40705105e+000
-1.05807491e+000
-1.91652624e-001
-1.79909433e+000
-8.65118002e-001
0.00000000e+000
-1.73347877e+000
-1.27502171e+000
-5.99769252e-001
-1.56686039e+000
-1.36095604e+000
-3.95636503e-002
-1.82024713e+000
-5.08809267e-003
-1.22654110e-001
-1.41257401e+000
-9.73606127e-001
-1.62036476e+000
-8.75565323e-001
-1.69366746e+000
-1.23598831e+000
-1.70336674e+000
-1.10328569e+000
-1.48500207e+000
-1.76266748e+000
-3.90380371e-001
0.00000000e+000
-6.26708623e-002
-1.31588672e+000
-1.72361842e+000
0.00000000e+000
-2.74770052e-001
-8.84509802e-001
-1.88151491e-002
-1.41347599e+000
-7.32724965e-001
-1.00355398e+000
-1.36943357e+000
-1.60304733e+000
-1.80323225e-001
-1.74386152e+000
-1.62018011e+000
-1.18827755e+000
-1.82400528e+000
-6.06537492e-001
-7.57059742e-001
-1.76646838e+000
-4.43559509e-003
-9.02123936e-001
0.00000000e+000
-1.77670175e+000
-1.50141186e+000
-3.53815983e-002
-1.35123451e+000
-1.07379134e-001
-1.06043134e+000
-4.20958611e-001
-1.30165787e+000
-1.51174959e+000
-1.65286074e+000
-3.01911364e-001
-7.81105403e-001
0.00000000e+000
-1.72291661e+000
-2.08596272e-001
-1.65543937e-002
-9.49553910e-001
-5.53873135e-002
-1.60819921e+000
0.00000000e+000
-1.74715588e+000
-1.41049759e+000
-1.68416081e+000
-1.14083292e+000
-6.52815001e-001
-1.40233307e-001
-8.33386916e-001
-5.44183738e-001
-3.90980130e-003
-1.44201916e+000
-1.65420671e+000
-3.11580774e-002
-1.00662783e+000
-1.47040290e+000
0.00000000e+000
-8.10319563e-002
-1.67040243e+000
-7.12170172e-001
-4.40685861e-001
-3.31520823e-001
-1.20555993e+000
-2.33036402e-001
-8.83522084e-001
-1.46123791e-002
0.00000000e+000
-1.64865432e-001
-5.98320803e-001
-1.51276468e+000
-5.11540916e-002
-1.55726401e+000
0.00000000e+000
-1.08528122e-001
-1.05572531e+000
-1.47539513e+000
-7.68259533e-001
-4.99878616e-001
-9.35789378e-001
-3.39980901e-003
-1.27395855e+000
-3.87265658e-001
-2.93108270e-002
-2.89916275e-001
-6.57976154e-001
0.00000000e+000
-1.44307303e+000
-7.39087637e-002
-2.20267571e-001
-8.17419827e-001
-1.09474603e+000
-1.58395052e-001
-1.35055967e-002
-5.51876263e-001
0.00000000e+000
-9.84402593e-002
-1.29739353e+000
0.00000000e+000
-9.73519136e-001
-4.72166696e-002
-4.43409892e-001
-6.89938511e-001
-3.41652689e-001
-8.64038142e-001
-1.14625745e+000
-3.32590077e-003
-5.86810148e-001
-6.73706456e-002
-2.66885245e-002
0.00000000e+000
-2.71223970e-001
-4.84728598e-001
-7.36583712e-001
-2.08294043e-001
-9.96531913e-001
-1.43278314e-001
-3.85021898e-001
-8.94659739e-002
-1.25355961e-002
0.00000000e+000
-8.91332810e-001
-6.18453634e-001
0.00000000e+000
-3.00675378e-001
-5.19553445e-001
0.00000000e+000
-4.85105306e-002
-7.68597452e-001
-2.37856724e-001
-4.25050056e-001
-2.90160194e-003
-1.67213717e-001
-1.11791590e-001
0.00000000e+000
-3.41014194e-001
-6.53559636e-001
-6.69102594e-002
-2.89893753e-002
-9.45754609e-003
-5.49560859e-001
-2.65253231e-001
0.00000000e+000
0.00000000e+000
-4.59167561e-001
-1.94395556e-001
0.00000000e+000
-1.33479021e-001
-3.69020067e-001
-1.82944376e-003
-8.64268492e-002
-4.92212178e-002
-2.33845834e-002
0.00000000e+000
-2.94517301e-001
-7.04619651e-003
-2.21418050e-001
0.00000000e+000
-1.59529609e-001
0.00000000e+000
0.00000000e+000
-1.05748554e-001
-6.59731925e-002
-3.29786589e-002
0.00000000e+000
-1.34120033e-002
-1.60591755e-003
0.00000000e+000
0.00000000e+000
0.00000000e+000
0.00000000e+000
0.00000000e+000
0.00000000e+000
0.00000000e+000
0.00000000e+000
2.29618645e-002
-7.46810019e-001
