0.00000000e+00
-2.95264931e-02
0.00000000e+00
0.00000000e+00
-3.11041004e-02
-3.79437017e-02
-4.19486833e-02
0.00000000e+00
0.00000000e+00
-3.90415067e-02
-5.50572448e-02
-3.08535149e-02
-6.39045205e-02
0.00000000e+00
-6.07643307e-02
0.00000000e+00
-4.08070389e-02
-8.07422338e-02
-3.39941364e-02
-9.73106553e-02
0.00000000e+00
-7.95920580e-02
-5.81108908e-02
-9.76219683e-02
-4.30756191e-02
0.00000000e+00
-1.21174282e-01
-3.13139852e-02
-7.77634477e-02
-1.00093705e-01
-5.78582540e-02
0.00000000e+00
-1.40571062e-01
-1.23310310e-01
-4.27420095e-02
-1.45813642e-01
-1.06453261e-01
-3.17940948e-02
-1.68962737e-01
-8.26532080e-02
-1.29165422e-01
0.00000000e+00
-6.07953589e-02
-1.79068662e-01
0.00000000e+00
-4.45778315e-02
-1.97437131e-01
-2.05148502e-01
-1.41820952e-01
-1.14551525e-01
-8.95079255e-02
-3.50399988e-02
-1.95549972e-01
-2.37699100e-01
-6.63041174e-02
0.00000000e+00
-2.48873558e-01
-2.02449677e-01
-4.94648549e-02
0.00000000e+00
-1.74549816e-01
-2.67318207e-01
-1.39225077e-01
-2.59579670e-01
-2.82318421e-01
-9.35454295e-02
-3.70260305e-02
-2.72506772e-01
-7.00372361e-02
-3.11020332e-01
-3.15496654e-01
-2.42739407e-01
0.00000000e+00
0.00000000e+00
-3.31619656e-01
-5.39062615e-02
-2.12656379e-01
-3.47066042e-01
-1.56159053e-01
-3.41973827e-01
-1.01718907e-01
-3.84889670e-02
-3.86458474e-01
-3.72277390e-01
-3.40144732e-01
-3.89849569e-01
-7.54915386e-02
-2.24816271e-01
-3.05981514e-01
0.00000000e+00
0.00000000e+00
-1.55181582e-01
-4.33245930e-01
-4.32708830e-01
-5.14441581e-02
-4.22803270e-01
-1.07323343e-01
-3.50123162e-02
-3.29200498e-01
-4.58948174e-01
-4.85088246e-01
-2.31495419e-01
-4.23585044e-01
-4.93825278e-01
-4.80319492e-01
-7.68994784e-02
0.00000000e+00
-1.71660811e-01
0.00000000e+00
-5.52276837e-02
-5.49244019e-01
-4.18234053e-01
-3.08834438e-01
-5.39237259e-01
-1.17915502e-01
-5.19979980e-01
-5.91761515e-01
-5.14822228e-01
-3.69657049e-02
-2.59375648e-01
-8.31802716e-02
-4.02514871e-01
-6.08545995e-01
-5.80887691e-01
-6.53355345e-01
-6.36879962e-01
0.00000000e+00
-5.07635643e-01
-6.56407431e-01
-1.91920636e-01
-5.88345844e-02
0.00000000e+00
-3.55136979e-01
-6.52476239e-01
-7.10529158e-01
-6.27655642e-01
-1.46777280e-01
-3.88658130e-02
-5.28442356e-01
-6.18695697e-01
-1.05749324e-01
-7.88066666e-01
-7.25030512e-01
-7.82382649e-01
-4.90231427e-01
-2.92501019e-01
-6.50425719e-01
-6.93200191e-01
0.00000000e+00
-7.96101252e-01
-7.79192630e-01
-8.17108072e-01
-2.32383785e-01
-6.24229955e-02
-7.58704068e-01
-8.95954534e-01
-4.24862053e-01
-6.73421553e-01
-7.63801544e-01
0.00000000e+00
-1.79079618e-01
-8.48140406e-01
-9.59629532e-01
-9.18976834e-01
-4.15466829e-02
-6.35767791e-01
-7.77956933e-01
-7.35464252e-01
-9.44033200e-01
-1.46681260e-01
-9.63410252e-01
-3.53410272e-01
-8.74332553e-01
-1.04499461e+00
-9.77673661e-01
-5.68354216e-01
-9.25684823e-01
-8.03360141e-01
-1.04360505e+00
0.00000000e+00
-1.06062486e+00
-2.97734972e-01
-8.57736655e-01
-9.99888480e-01
-9.37860216e-01
-1.02530398e-01
-7.30384025e-01
-9.11391595e-01
-5.49129489e-01
-1.11126093e+00
-1.08018583e+00
-2.58228632e-01
-1.04173024e+00
0.00000000e+00
-1.02077373e+00
-9.57698206e-01
-1.07928531e+00
-1.05824718e-01
-8.74633216e-01
-1.16732229e+00
-4.54050846e-01
-1.90745356e-01
-1.05028503e+00
-1.17273060e+00
-1.03425652e+00
-9.39307243e-01
-1.19545110e+00
-1.26933985e+00
-1.32663106e+00
-1.18312755e+00
0.00000000e+00
-7.64046630e-01
-4.82396070e-01
-1.19006186e+00
-2.67259299e-01
-1.12000143e+00
-1.30022297e+00
-1.27238947e+00
-1.11223560e+00
-8.90219496e-01
-1.28323410e+00
-1.34322303e+00
-3.84241467e-01
-1.29610812e+00
-1.23458438e+00
-4.39956655e-01
-9.32498805e-01
3.83383217e-02
-3.30390210e-01
-1.11978424e+00
-1.09793385e+00
-1.03071256e+00
0.00000000e+00
-1.07719905e+00
-7.23234715e-01
-3.56261602e-02
-1.06041763e+00
-1.02148289e+00
-1.00023726e+00
-2.03401044e-01
-1.07703497e+00
-9.13829493e-01
-9.11518797e-01
-1.07435147e+00
-1.13929519e+00
0.00000000e+00
-8.94418542e-01
-1.13820087e+00
-1.12941134e+00
-3.41972284e-02
-1.09124199e+00
-1.05111268e+00
-1.15261028e+00
-1.17234018e+00
-1.05824199e+00
-5.68771821e-01
-4.96967384e-01
-3.85456445e-01
-1.15287918e+00
-8.43046611e-01
-1.82516288e-01
-1.17135455e+00
-9.94935968e-01
-1.15674319e+00
-2.50251965e-02
-6.74334178e-01
-1.13563015e+00
-9.35197223e-01
-6.20115318e-01
-1.10314159e+00
-4.94317820e-01
-1.24330465e+00
0.00000000e+00
-1.04009973e+00
-1.21467040e+00
-6.41008369e-01
-8.59115143e-01
-6.72786322e-01
-8.82505514e-02
-1.18871676e+00
-1.08273336e+00
-7.02382149e-01
-7.65272722e-01
-2.03260619e-01
-1.21779444e+00
-9.33088759e-01
-1.12727713e+00
-5.17853029e-01
-1.11386778e+00
-1.08420432e+00
-1.05214095e+00
-1.14789047e+00
-5.76982220e-01
0.00000000e+00
-6.74708902e-01
4.66673419e-03
-1.02907738e+00
-5.76023259e-01
-1.20096128e+00
-6.81562480e-01
-6.20286064e-01
-9.91243936e-01
-4.45697826e-01
-1.29166631e+00
-1.09202812e+00
-7.33869888e-01
-9.44635000e-01
-1.36607177e+00
-1.39379431e+00
-8.07477188e-01
-7.57257409e-01
-1.28080828e+00
-8.91648625e-01
-1.25891463e+00
-1.23935069e+00
-7.96546831e-01
-1.20861182e+00
-1.17822971e+00
-2.50774147e-01
-5.57269676e-01
-1.05518944e+00
-9.44122420e-02
-8.41599880e-01
-9.66078913e-01
-8.07922871e-01
-1.48426251e+00
-9.14690289e-01
-1.15243476e+00
-7.52586928e-01
-8.79921196e-01
-1.30434671e+00
-6.89517431e-01
0.00000000e+00
-3.33490276e-02
-1.24908633e+00
-2.11708285e-01
-1.18477561e+00
-9.72057241e-01
-1.15994739e+00
-6.93654961e-01
-1.22915611e+00
-1.19870973e+00
-7.85034472e-01
-1.13112328e+00
-7.60360692e-01
-1.42173972e+00
-1.09360960e+00
-7.95508889e-01
-8.77172764e-01
-1.35928189e+00
-1.06823780e+00
0.00000000e+00
-1.28374761e-01
-1.19556769e+00
-9.79002854e-01
-4.76140597e-01
-8.52468658e-01
-1.45226208e+00
-8.94408889e-01
-8.65862553e-01
-1.01002114e+00
-9.12734779e-01
-7.99287539e-01
-8.54103161e-01
-1.14936662e+00
-7.68584128e-01
-6.20444675e-01
-1.33647410e+00
-6.57122702e-01
-8.26953333e-01
-1.60241615e+00
-9.59016805e-01
-1.52457615e+00
-1.10452920e+00
-2.51551847e-01
-1.23922649e+00
-1.37294750e+00
-8.07360865e-01
-5.82150074e-01
-1.56249962e+00
-7.88231582e-01
-7.33348377e-01
-8.25974613e-01
-7.68937301e-01
-1.21268354e+00
-7.09504604e-01
-6.18195758e-01
-1.30796907e+00
-1.63543698e+00
-8.44437614e-01
-8.11002313e-03
-9.87481860e-01
-1.36494849e+00
-8.05238136e-01
-1.17368366e+00
-6.08721477e-01
-7.92441983e-01
-7.51875494e-01
-8.23961607e-01
-7.73442934e-01
-6.51211202e-01
-6.63829787e-01
-9.40001040e-02
-8.36193785e-01
-1.13328095e+00
-6.24899526e-01
-2.75580411e-01
-7.62214337e-01
-7.35072535e-01
-8.03296989e-01
-1.35569553e+00
-9.40907264e-01
-7.90687842e-01
-7.11091486e-01
-8.15780739e-01
-7.78046692e-01
-6.46918531e-01
-6.86657992e-01
-1.08755926e+00
-8.28279613e-01
-7.45659852e-01
-1.29644376e+00
-7.67099442e-01
-1.41716460e+00
-1.33178521e+00
0.00000000e+00
-8.96352083e-01
-4.81905485e-01
-7.56252863e-01
-1.26700380e+00
-1.73740229e+00
-6.65654356e-01
-7.21282220e-01
-1.04107640e+00
-6.96940674e-01
-8.02042767e-01
-7.30983550e-01
-7.89468172e-01
-8.14495381e-01
-1.40673047e+00
-8.89692173e-01
-1.22461001e+00
-7.78644692e-01
-1.63360052e+00
-1.38306344e+00
-7.41985530e-01
-9.95391440e-01
-1.51352774e+00
-1.18201495e+00
-1.42379746e+00
0.00000000e+00
-8.82027256e-01
-3.82143711e-02
-8.38190941e-01
-7.07253577e-01
-6.58945444e-01
-7.16905611e-01
-8.00411697e-01
-7.66301280e-01
-9.49497193e-01
-7.26544672e-01
-1.76402960e+00
-1.13370320e+00
-1.46196829e+00
-1.80768001e-01
-6.70728827e-01
-1.32798930e+00
-8.24878459e-01
-1.43365257e+00
-1.61156783e+00
-9.41639401e-01
-7.88056818e-01
-1.36681289e+00
-7.51932540e-01
-1.08682087e+00
-1.79360204e+00
-1.40709297e+00
-1.28146953e+00
-3.56898660e-01
-1.04767085e+00
-8.92630924e-01
-9.34598825e-01
-8.48302724e-01
-1.79898952e+00
-8.14092127e-01
-1.56384553e+00
-7.77673383e-01
-1.23312248e+00
-6.37428295e-01
-1.49174892e+00
-1.00191030e+00
-7.30321083e-01
-1.04175827e-02
-1.46169525e+00
-5.64443423e-01
-1.18592350e+00
-6.77013158e-01
-9.95058230e-01
-9.77723197e-02
-6.12262275e-01
-1.69804318e+00
-7.56270152e-01
-6.88351987e-01
-1.39458676e+00
-5.73996621e-01
-1.59811379e+00
-1.89932088e+00
-6.97689450e-01
-6.03425130e-01
-1.81729525e+00
-1.43806682e+00
-9.05221888e-01
-9.51034981e-01
-9.89056697e-01
-6.12560032e-01
-1.13572180e+00
-8.64026273e-01
-6.26673560e-01
-8.29111641e-01
-6.10681849e-01
-1.51833739e+00
-1.87544019e+00
-6.42996058e-01
-1.09436874e+00
-1.35064990e+00
-1.84828698e+00
-5.94455404e-01
-5.89083372e-01
-1.05617262e+00
0.00000000e+00
-5.66190602e-01
-7.93254213e-01
-7.34757612e-01
-1.29769233e+00
-2.66417324e-01
-6.12631298e-01
-1.49054497e+00
-1.25147509e+00
-1.04904339e+00
-6.01268106e-01
-5.30830655e-01
-6.24236520e-01
0.00000000e+00
-1.86166409e+00
-1.68940511e+00
-3.78216136e-02
-7.07162438e-01
-6.09419891e-01
-9.65004125e-01
-1.00294474e+00
-4.65455312e-01
-1.59014379e+00
-1.98877044e+00
-1.04244247e+00
-9.24305830e-01
-7.75538763e-01
-1.46253730e+00
-8.80382710e-01
-5.43627242e-01
-1.59184290e+00
-1.20312819e+00
-5.96024949e-01
-6.54643410e-01
-1.84467655e+00
-1.15286845e+00
-1.82591988e-01
-6.67543822e-01
-8.45491001e-01
-1.11377213e+00
-1.41390884e+00
-1.82174478e+00
-7.45564405e-01
-6.78601565e-01
-1.54979811e+00
-6.08755596e-01
-5.69146830e-01
-1.10719199e+00
-8.12292270e-01
-1.36624369e+00
-1.94073506e+00
-1.52129100e+00
-1.01953249e+00
-1.98316901e+00
-7.17614565e-01
-6.21785085e-01
-1.05679894e+00
-1.32175678e+00
-1.10390402e+00
-9.57315404e-01
-1.95194171e+00
-7.84892296e-01
-1.66789529e+00
-9.18309552e-01
-5.75189571e-01
-1.27443590e+00
-1.71513387e+00
-9.00973036e-03
-1.22183068e+00
-8.81606759e-01
-1.61930374e+00
-7.58677533e-01
-1.00583553e-01
-1.17428252e+00
-3.62885383e-01
-6.96147371e-01
-1.77133116e+00
-6.03105415e-01
-8.54427663e-01
-6.44817908e-01
-1.16776135e+00
-1.57041888e+00
-1.48141854e+00
-8.22377249e-01
-6.53183272e-01
-1.91693608e+00
-1.07207603e+00
-2.01661381e+00
-1.01098933e+00
-1.11706081e+00
-6.61835433e-01
-7.41732834e-01
-1.16119217e+00
-1.88778581e+00
-9.54268932e-01
-1.37188739e+00
-5.65444021e-01
-1.70755068e+00
-1.43147809e+00
-7.91775682e-01
-1.92974498e+00
-2.70884842e-01
0.00000000e+00
-1.32255932e+00
-6.00154912e-01
-5.94883104e-01
-9.23685691e-01
-1.28939774e+00
-5.93620391e-01
-6.23649150e-01
-1.65175093e+00
0.00000000e+00
-7.17643534e-01
-1.23466044e+00
-7.63816766e-01
-3.96901671e-02
-1.79321086e+00
-6.22286026e-01
-1.53446571e+00
-6.14614731e-01
-8.86421879e-01
-6.11271540e-01
-1.23094493e+00
-8.55192269e-01
-1.04597079e+00
-6.14220866e-01
-6.39428576e-01
-9.88638641e-01
-8.27198353e-01
-1.94453199e+00
-6.93119091e-01
-1.96115427e+00
-1.91330762e-01
-1.85581500e+00
-7.42217305e-01
-1.22306100e+00
-1.68922932e+00
-1.14796044e+00
-1.73094133e+00
-6.24895090e-01
-1.19849683e+00
-6.43139818e-01
-9.54666602e-01
-7.95501417e-01
-1.38041127e+00
-6.51934818e-01
-1.44468603e+00
-6.65959327e-01
-1.34545952e+00
-7.21549244e-01
-1.50194692e+00
-6.35583278e-01
-4.87525065e-01
-9.21900362e-01
-1.30161075e+00
-1.78206150e+00
-7.72663012e-01
-6.33764303e-01
-8.94167553e-01
-1.57949282e+00
-1.91861863e+00
-2.93570399e-03
-8.69070254e-01
-1.02115879e+00
-1.29840440e+00
-6.95233339e-01
-1.01118179e-01
-7.47426789e-01
-1.82561747e+00
-1.12479128e+00
-8.40585782e-01
-9.85927124e-01
-6.22063945e-01
-1.36722926e+00
-1.29180109e+00
-1.80672903e+00
-1.71989386e+00
-3.82860880e-01
-1.26345671e+00
-1.33350338e+00
-6.82988629e-01
-1.64532525e+00
-7.26847471e-01
-1.22945714e+00
-8.07181186e-01
-9.52345709e-01
-1.08241546e+00
-1.32559155e+00
-9.31851078e-01
-1.54879098e+00
-1.30874045e+00
-1.76565355e+00
-9.03969439e-01
-1.42415157e+00
-1.28146476e+00
-6.52358127e-01
-1.48302435e+00
-7.81230538e-01
-6.63533443e-01
-7.17457654e-01
-1.05675720e+00
-1.83039716e+00
-1.18599141e+00
-1.84033661e+00
-8.73145922e-01
-6.71450526e-01
-1.35709228e+00
0.00000000e+00
-1.02540422e+00
-1.34370394e+00
-1.32683371e+00
-4.00937949e-02
0.00000000e+00
-6.48883963e-01
-7.63878862e-01
-8.44688521e-01
-7.40966926e-01
-9.57660957e-01
-1.71707189e+00
-7.04305175e-01
-9.87289001e-01
-1.14124922e+00
-9.33810319e-01
-6.33191628e-01
-1.65831424e+00
-1.77205090e+00
-1.41118879e+00
-1.21665482e+00
-1.26239260e+00
-8.20473233e-01
-1.11014385e+00
-1.59821507e+00
-6.24328347e-01
-1.81704667e+00
-7.29130461e-01
-6.74356700e-01
-9.06371484e-01
-1.53329001e+00
-6.95483511e-01
-1.31226155e+00
-1.08628350e+00
-1.67765889e+00
-6.45971771e-01
-2.01290903e-01
-7.93911313e-01
-7.11889899e-01
-1.05265743e+00
-1.17397573e+00
-7.73314506e-01
-9.62936972e-01
-8.76803350e-01
-7.53020679e-01
-1.47094056e+00
-1.73757981e+00
-7.04928781e-01
-9.95155641e-01
-2.98559787e-01
-6.98619158e-01
-1.02487101e+00
-1.14104409e+00
-1.69672278e+00
-6.72187156e-01
-6.83511845e-01
-1.77713341e+00
-7.19300758e-01
-6.86497142e-01
-6.78824133e-01
-1.64969878e+00
-6.72897510e-01
-1.01521666e-02
-6.54287259e-01
-8.51238507e-01
-6.84895482e-01
-1.11338682e+00
-1.39607943e+00
-9.35026642e-01
-1.38320022e+00
-7.18066173e-01
-1.36583621e+00
-6.92370969e-01
-6.45877047e-01
-7.39223689e-01
-1.24971068e+00
-1.20559048e+00
-1.08752467e+00
-1.29809864e+00
-1.73688846e+00
-6.93601430e-01
-8.27057245e-01
-1.17341079e+00
-1.05668939e+00
-8.04937169e-01
-7.08847728e-01
-9.09278549e-01
-7.84163856e-01
-1.74900592e+00
-9.96919175e-01
-1.09794633e-01
-1.02960425e+00
-6.43925101e-01
-1.13891726e+00
-1.45602340e+00
-1.72492819e+00
-6.69139915e-01
-9.67005105e-01
-1.69582340e+00
-8.81438406e-01
-7.67563688e-01
-1.11396789e+00
-7.05108075e-01
-7.30919257e-01
-1.24176645e+00
-6.68629428e-01
-1.35012498e+00
-1.19675034e+00
-1.59153276e+00
-5.39313680e-01
-1.16364001e+00
-1.74995144e+00
-1.08732045e+00
-9.39555887e-01
-8.56585675e-01
-1.52543126e+00
-1.05841915e+00
-8.35429798e-01
0.00000000e+00
-6.96138277e-01
-7.25953516e-01
0.00000000e+00
-8.14376923e-01
-1.13645011e+00
-1.67283261e+00
-1.03247839e+00
-7.01553330e-01
-7.55846447e-01
-1.27477194e+00
-6.90326564e-01
-1.75323475e+00
-1.43925153e+00
-7.07172103e-01
-9.15651243e-01
-3.92215721e-02
-1.42228650e+00
-1.32708663e+00
-1.40670298e+00
-1.18706991e+00
-1.00102859e+00
-1.11007845e+00
-7.95655826e-01
-7.23601478e-01
-7.45028765e-01
-9.70947691e-01
-8.88387548e-01
-7.01352308e-01
-1.15992296e+00
-1.74411783e+00
-7.79026780e-01
-1.08559757e+00
-1.65113229e+00
-1.73682403e+00
-8.65204773e-01
-1.21786553e+00
-1.05810654e+00
-1.51195513e+00
-1.74780478e+00
-1.72424139e+00
-1.13312970e+00
-8.43581651e-01
-9.44616120e-01
-1.38076969e+00
-7.40866729e-01
-1.03022319e+00
-8.23700469e-01
-1.18739726e+00
-7.66458090e-01
-7.25226177e-01
-1.39893717e+00
-2.20441360e-01
-1.10799890e+00
-9.98555995e-01
-1.40797052e+00
-9.19631130e-01
-7.22577555e-01
-3.22157237e-01
-1.15997082e+00
-1.24933108e+00
-8.04838758e-01
-6.59829149e-01
-7.56792415e-01
-9.69822543e-01
-1.30092030e+00
-7.39360761e-01
-1.58831182e+00
-8.94807225e-01
-4.42789601e-01
-7.25966383e-01
-9.45586802e-03
-7.87754122e-01
-7.05521136e-01
-1.21819402e+00
-1.35398355e+00
-1.08336563e+00
-7.28608864e-01
-1.13281334e+00
-1.68816612e+00
-1.48303324e+00
-7.08893287e-01
-7.31349779e-01
-1.46530860e+00
-8.71611150e-01
-1.37089908e+00
-1.05462534e+00
-1.44752855e+00
-1.18745342e+00
-9.43609966e-01
-7.54302035e-01
-1.69117543e+00
-8.50187249e-01
-1.36739533e+00
-7.75529825e-01
-1.02668713e+00
-1.38927480e+00
-7.52960649e-01
-7.54954217e-01
-1.10751447e+00
-1.71662664e+00
-8.30722796e-01
-1.39800160e+00
-1.38539576e+00
-9.21059042e-01
-1.11350481e-01
-1.76441210e+00
-7.41351911e-01
-1.15953267e+00
-1.28693495e+00
-9.96752375e-01
-7.74070968e-01
-1.77465086e+00
-1.25075499e+00
-1.40742186e+00
-8.11469780e-01
-7.39636706e-01
-1.39398831e+00
-1.38205273e+00
-1.33968880e+00
-7.84480873e-01
-1.75379757e+00
-1.71649222e+00
-1.40335720e+00
-8.96288571e-01
-1.56179414e+00
-1.39057936e+00
-9.68048748e-01
-7.94833788e-01
-1.07946490e+00
-1.41349637e+00
-1.21923784e+00
-1.13216421e+00
-7.67452278e-01
-7.66909458e-01
-1.38224645e+00
-1.39975657e+00
-7.51761992e-01
-1.73815454e+00
-1.40955494e+00
-7.44719442e-01
-1.05060640e+00
-1.35360284e+00
-1.42095468e+00
-1.39090973e+00
-3.06853410e-01
-9.44308622e-01
-1.40058799e+00
0.00000000e+00
0.00000000e+00
-8.73498171e-01
-1.19238192e+00
-1.41173162e+00
-1.38372479e+00
-7.63190510e-01
-1.02274754e+00
-1.44871987e+00
-1.68036314e+00
-1.39288494e+00
-4.27405440e-01
-1.10337963e+00
-8.52415574e-01
-1.35476498e+00
-1.42152238e+00
-1.89615111e-01
-1.40387323e+00
-7.56144101e-01
-1.38969965e+00
-1.32579114e+00
-7.82798954e-01
-1.61526520e+00
-1.45651340e+00
-9.92813246e-01
-7.52028938e-01
-9.21698326e-01
-8.34883293e-01
-1.28860842e+00
-1.41330749e+00
-1.40032266e+00
-7.62814549e-01
-1.16396281e+00
-1.25207330e+00
-1.36095567e+00
-7.52918238e-01
-1.42343701e+00
-1.40951936e+00
-1.39725205e+00
-3.85344392e-02
-8.15933359e-01
-7.53423972e-01
-1.72703456e+00
-9.70382096e-01
-1.45756438e+00
-1.07502366e+00
-1.53142111e+00
-1.41952662e+00
-1.40632571e+00
-5.78246779e-01
-1.36145189e+00
-1.51216854e+00
-7.54048966e-01
-8.97097262e-01
-1.22431705e+00
-1.43137302e+00
-1.13394628e+00
-1.49310170e+00
-1.39714118e+00
-1.04618507e+00
-1.41609365e+00
-1.46732196e+00
-7.54923050e-01
-1.42753120e+00
-7.59889249e-01
-1.44116115e+00
-9.46407147e-01
-1.40632058e+00
-1.62451997e+00
-7.73799547e-01
-1.01824985e+00
-1.41747618e+00
-1.19692338e+00
-8.01043324e-01
-1.39815673e+00
-1.43027444e+00
-8.74053328e-01
-1.46732168e+00
-1.77215053e+00
-1.40874489e+00
-1.10456013e+00
-1.32523587e+00
-1.28744287e+00
-1.44089787e+00
-1.42121714e+00
-8.54940599e-01
-7.67387890e-01
-9.94757825e-01
-8.85221598e-02
-1.58625646e+00
-1.40567126e+00
-1.49909245e+00
-9.17237773e-01
-1.67492809e+00
-1.16564915e+00
-1.74271100e+00
-1.25675829e+00
-1.43124946e+00
-1.41778876e+00
-8.37313565e-01
-1.80058525e+00
-7.60290635e-01
-7.67810101e-01
-1.77127231e+00
-1.36189573e+00
-1.44197550e+00
-1.54204647e+00
-1.42760930e+00
-9.72084509e-01
-1.41482298e+00
-1.52218805e+00
-1.07207028e+00
-1.71549127e+00
-4.10117327e-01
-7.62796575e-01
-7.87995894e-01
-1.43825060e+00
-1.22839042e+00
-1.42457109e+00
-1.13508052e+00
-8.92544099e-01
-1.47312072e+00
-1.36915092e+00
-1.04300782e+00
-9.70236490e-03
-1.70813585e+00
-2.70200879e-01
-1.43505335e+00
-1.71036118e+00
-1.46932537e+00
-8.19236071e-01
-7.81402595e-01
-1.50541214e+00
-9.41091088e-01
-1.01332928e+00
-1.64288143e+00
-7.89399548e-01
-7.63430847e-01
-8.71284293e-01
-1.32419400e+00
-7.65003967e-01
-1.20168864e+00
-1.59861867e-01
-1.10138409e+00
-5.63274673e-01
-8.52214107e-01
-7.76857767e-01
-1.52905351e+00
-1.29235140e+00
-1.59921026e+00
-9.89753052e-01
-7.75743533e-01
-9.11780413e-01
-1.40250289e+00
-7.74514460e-01
-1.26095654e+00
-1.45863103e+00
-8.03273868e-01
-1.49434440e+00
-1.16990704e+00
-1.55308845e+00
-7.73371417e-01
-1.41220560e+00
-9.64163135e-01
-1.79117276e+00
-8.31156679e-01
-1.06837216e+00
-1.35554556e+00
-7.65386372e-01
-8.88929703e-01
-1.51135762e+00
-7.14519620e-01
-7.70355584e-01
-1.32690221e+00
-1.03751895e+00
-1.23323851e+00
-1.13276863e+00
-7.70877022e-01
-7.77537651e-01
-7.87825385e-01
-1.53534724e+00
-7.88660545e-01
-1.74524452e+00
-1.29446516e+00
-1.48290466e+00
-9.33063843e-01
-1.00775016e+00
-8.67368183e-01
-1.75223480e+00
-7.61416773e-01
-1.43406582e+00
-8.12854923e-01
0.00000000e+00
-1.69089569e+00
-8.53193244e-01
0.00000000e+00
-1.49955631e+00
-7.68893513e-01
-1.20601455e+00
-1.38821886e+00
-9.08068870e-01
-8.35832345e-01
-7.67054590e-01
-9.81210254e-01
-1.09841652e+00
-1.78661102e+00
-8.71895636e-01
-1.35829494e+00
-8.43992184e-01
-1.64600391e+00
-3.70228170e-02
-1.26632486e+00
-8.27164882e-01
-1.51651068e+00
-7.76214711e-01
-1.70974742e+00
-8.40368999e-01
-1.32907220e+00
-1.62063462e+00
-8.84853906e-01
-9.55512616e-01
-1.06803990e+00
-1.16739451e+00
-1.76009946e+00
-1.78363482e+00
-8.03908914e-01
-7.97794704e-01
-8.63289497e-01
-7.78791967e-01
-8.14679554e-01
-1.03686762e+00
-8.22697926e-01
-8.79897533e-01
-1.23803272e+00
-8.28400431e-01
-9.28964306e-01
-7.66991399e-01
-1.74313671e-01
-7.69018176e-01
-1.29987036e+00
-1.12973465e+00
-8.49205155e-01
-7.74232309e-01
-1.00888800e+00
-1.67087279e+00
-8.60691684e-01
-9.03551169e-01
-7.82253362e-01
-8.54141675e-01
-7.94868182e-01
-8.67083512e-02
-1.45060511e+00
-1.09799251e+00
-1.35849714e+00
-7.91936757e-01
-8.05218545e-01
-7.70003947e-01
-8.36065816e-01
-9.81676670e-01
-1.67252554e+00
-3.83934065e-01
-1.40242095e+00
-1.20283551e+00
-1.27118643e+00
-7.89099474e-01
-1.32885845e+00
-1.46584939e+00
-8.40324343e-01
-7.65311810e-01
-8.36700127e-01
-4.94678015e-01
-1.06721633e+00
-1.61747226e+00
-2.47831687e-01
-7.70931987e-01
-1.78047482e+00
-8.77451777e-01
-9.55426272e-01
-1.48134570e+00
-8.73179474e-03
-1.16355202e+00
-8.25919281e-01
-1.03783457e+00
-7.80763771e-01
-7.89434905e-01
-1.29912755e+00
-8.08816888e-01
-8.15242607e-01
-7.65120425e-01
-9.28037235e-01
-1.81886272e+00
-1.23485918e+00
-8.20271307e-01
-6.55708001e-01
-1.59429632e+00
-1.76445741e+00
-1.13282172e+00
-1.00916164e+00
-7.74078253e-01
-7.63743688e-01
-8.52205304e-01
-8.94798293e-01
-7.74384360e-01
-1.32776059e+00
-1.10049496e+00
-7.68131455e-01
-1.79586489e+00
-7.96606861e-01
-1.37026108e+00
-9.81390989e-01
-8.24378155e-01
-1.26140543e+00
-1.64959631e+00
-7.60998365e-01
-1.41476721e+00
-1.06754018e+00
-1.19892940e+00
-7.89945669e-01
-8.27930915e-01
-1.77581305e+00
-7.80939786e-01
-1.89079615e-01
-1.42857270e+00
-9.54296840e-01
-8.67556015e-01
-1.03752104e+00
-7.62681451e-01
-1.16689007e+00
-1.28886614e+00
-7.60869714e-01
-1.44245438e+00
-8.05281694e-01
-7.72685574e-01
-9.67288465e-02
-7.79058233e-01
-1.22462066e+00
-9.18397926e-01
-8.09079642e-01
-1.00620986e+00
-7.56815515e-01
-8.40838888e-01
-8.04776928e-01
-1.13521559e+00
-8.39565057e-01
-1.74777583e+00
-1.54557750e+00
-8.00558688e-01
-3.52599132e-02
-1.70283173e+00
-1.10077072e+00
-8.84157242e-01
-2.65703987e-01
-1.80179777e+00
0.00000000e+00
-1.19374990e+00
-9.77699161e-01
0.00000000e+00
-7.89597858e-01
-7.63357918e-01
-7.62532672e-01
-1.06732453e+00
-7.53922351e-01
-7.84650476e-01
-8.15835334e-01
-1.25088947e+00
-7.79451689e-01
-1.60146906e+00
-1.33631775e+00
-1.16130467e+00
-8.55441535e-01
-1.37862801e+00
-1.03452989e+00
-1.60619917e+00
-7.53640233e-01
-1.66020804e+00
-8.23368221e-01
-9.38272717e-01
-1.81825944e+00
-1.21937576e+00
-1.39141930e+00
-7.93043755e-01
-7.53028621e-01
-3.56239743e-01
-7.66783227e-01
-1.13303397e+00
-7.24389959e-01
-1.00243676e+00
-1.75140900e+00
-7.65677327e-01
-8.27769923e-01
-7.47570401e-01
-4.63386442e-01
-9.01604594e-01
-1.09806786e+00
-1.40419222e+00
-7.76324536e-01
-7.95980357e-01
-1.29712314e+00
-1.18826810e+00
-5.84869965e-01
-1.72657286e+00
-1.24306995e+00
-1.47346588e+00
-7.86257202e-01
-7.84191939e-01
-1.06458625e+00
-7.52286123e-01
-8.69322972e-01
-7.44726648e-01
-9.61045268e-01
-7.54329997e-01
-8.38445101e-01
-7.70928674e-01
-1.79044389e+00
-8.02358718e-01
-1.15910116e+00
-8.38094672e-01
-8.46247723e-01
-1.57170891e+00
-1.03110473e+00
-1.37925783e-01
-1.21142925e+00
-7.71524129e-01
-7.42427017e-01
-8.39237252e-01
-7.55507196e-01
-8.82083421e-03
-1.13028736e+00
-8.18263211e-01
-2.20482345e-01
-8.66176528e-01
-9.20647674e-01
-7.43098555e-01
-8.13124935e-01
-6.12449973e-02
-7.78490297e-01
-1.34421666e+00
-8.81551512e-01
-1.28925778e+00
-9.93155389e-01
-1.09542608e+00
-8.07980355e-01
-8.16209467e-01
-7.36101569e-01
-1.74475432e+00
-1.23514938e+00
-7.42433060e-01
-7.89372942e-01
-1.35659883e+00
-8.62320919e-01
-7.56269474e-01
-8.86125863e-01
-1.69128528e+00
-7.61025491e-01
-1.19113739e+00
-1.06125373e+00
-1.36895578e+00
-1.67453853e+00
-7.32983691e-01
-9.50842496e-01
-8.50695982e-01
-8.52499564e-01
-7.89484899e-01
-3.03158543e-01
-7.74938589e-01
-1.43317928e+00
-7.45314619e-01
-1.73086191e+00
-1.16120453e+00
-8.32745149e-01
-7.30474636e-01
-7.42259768e-01
-1.02172802e+00
-1.21465037e+00
-1.49804212e+00
-1.13380787e+00
-4.09489595e-01
-8.27638245e-01
-5.25692777e-01
-7.67697517e-01
-7.60494901e-01
-9.15387484e-01
-7.24760394e-01
-1.09806926e+00
-8.00618751e-01
-7.29832586e-01
-8.03374322e-01
-9.82954132e-01
-1.75982867e+00
-7.29084611e-01
-1.72544648e+00
-7.48749041e-01
-8.79399142e-01
-1.31167263e+00
-6.73485927e-01
-1.05323381e+00
-1.25640657e+00
-8.45123701e-01
-1.19361529e+00
-7.84954612e-01
-7.43442071e-01
-1.59201391e+00
-1.64732465e+00
-1.32423720e+00
-7.78985089e-01
-8.45313365e-01
0.00000000e+00
0.00000000e+00
-1.63965090e+00
-1.16504788e+00
-9.46214583e-01
-2.34723555e-02
-7.18041910e-01
-1.39331120e+00
-7.17795106e-01
-7.31119003e-01
-1.33684907e+00
-9.43484363e-02
-8.25062739e-01
-1.13703633e+00
-1.01295352e+00
-7.68506871e-01
-8.18739232e-01
-1.67620933e+00
-1.45421291e+00
-8.19121176e-01
-7.27110271e-01
-7.55246311e-01
-1.63948560e-01
-8.60127374e-01
-8.13150110e-01
-1.23533564e+00
-7.93300336e-01
-9.09539426e-01
-1.19445728e+00
-1.09007896e+00
-7.15369718e-01
-2.53510237e-01
-1.70544964e+00
-7.46697751e-01
-7.08441328e-01
-1.16527415e+00
-8.73222507e-01
-7.96244624e-01
-7.34338217e-01
-9.73712506e-01
-1.67844503e+00
-7.13409861e-01
-3.50932392e-01
-7.67687604e-01
-1.04443034e+00
-8.37917255e-01
-8.36780039e-01
-7.04372791e-01
-1.27932385e+00
-7.78897421e-01
-4.66117727e-01
-7.27664376e-01
-1.23699209e+00
-7.16428521e-01
-8.09294222e-01
-9.35871494e-01
-1.19499737e+00
-7.45461308e-01
-1.29249731e+00
-1.12992448e+00
-7.01448171e-01
-1.41885430e+00
-1.36454638e+00
-7.82787792e-01
-1.00368341e+00
-6.11649641e-01
-8.99536968e-01
-1.30588977e+00
-7.54550574e-01
-7.13093980e-01
-8.05016269e-01
-1.50927748e+00
-7.02496455e-01
-1.08193587e+00
-7.23631512e-01
-6.94386274e-01
-8.82609506e-03
-8.62390429e-01
-8.49248485e-01
-7.57952984e-01
-1.15838246e+00
-7.48398616e-01
-6.12814175e-02
-8.32767436e-01
-7.86825716e-01
-7.30188354e-01
-9.63670124e-01
-8.14611511e-01
-6.98027562e-01
-8.04482903e-01
-6.91050139e-01
-8.01939468e-01
-8.30213268e-01
-7.06589774e-01
-7.35831627e-01
-1.04104836e+00
-9.26285877e-01
-1.70282452e+00
-8.23577714e-01
-7.65944093e-01
-9.03987577e-01
-8.67998911e-01
-8.80091754e-01
-7.75673375e-01
-1.61052075e+00
-7.13442627e-01
-8.16903382e-01
-9.29573064e-01
-1.12150471e+00
-1.24372262e+00
-8.75641580e-01
-3.03342210e-01
-8.89409292e-01
-1.19904317e+00
-6.85386015e-01
-1.38031651e-01
-8.92431805e-01
-9.17001236e-01
-6.91734180e-01
-8.59059053e-01
-1.25735541e+00
-1.47857787e+00
-8.60149246e-01
-7.40314064e-01
-7.95425342e-01
-7.15633087e-01
-7.50913893e-01
-6.98564313e-01
-9.24679346e-01
-4.09740708e-01
-9.99303984e-01
-2.20651283e-01
-8.29088575e-01
-9.29791908e-01
-1.27139656e+00
-8.74357236e-01
-8.42725453e-01
-9.04039053e-01
-6.78745070e-01
-1.07834159e+00
-7.98602996e-01
-9.13295046e-01
-1.42403097e+00
-7.73831865e-01
-1.36818152e+00
-9.61076632e-01
-1.15985110e+00
-9.17247702e-01
-1.57046569e+00
-7.16538687e-01
-7.28098906e-01
-1.61292627e+00
-6.97667975e-01
0.00000000e+00
-5.26056007e-01
-7.70188397e-01
-8.82283540e-01
-6.82652574e-01
0.00000000e+00
-9.03813100e-01
-1.66311958e+00
-8.97602539e-01
-1.66734956e+00
-9.23202782e-01
-8.87676829e-01
-6.75034966e-01
-7.52077302e-01
-9.04284041e-01
-1.11115111e+00
-8.07098783e-01
-3.53020668e-02
-6.74002242e-01
-1.63379431e+00
-6.99098031e-01
-8.92232985e-01
-1.03630390e+00
-8.56747609e-01
-8.70681960e-01
-7.07107060e-01
-7.44551317e-01
-8.82473629e-01
-8.21877505e-01
-1.62386497e+00
-6.69838381e-01
-1.20141322e+00
-7.84979630e-01
-8.74075541e-01
-8.51148019e-01
-7.26867064e-01
-9.96558157e-01
-7.91953978e-01
-6.76623892e-01
-6.81707658e-01
-1.52149623e+00
-1.06713764e+00
-1.21458231e+00
-8.33189866e-01
-7.21156490e-01
-1.14869779e+00
-9.68627556e-02
-8.25967188e-01
-7.62240295e-01
-6.62403339e-01
-1.22818836e+00
-9.58274508e-01
-9.22089506e-01
-8.18803150e-01
-8.86355192e-01
-1.48551619e+00
-7.02929940e-01
-3.56671164e-01
-7.63245029e-01
-1.33615599e+00
-1.09898592e+00
-6.66108914e-01
-6.84040823e-01
-8.50773750e-01
-1.03394167e+00
-7.36953164e-01
-2.66068464e-01
-7.96316771e-01
-8.15681785e-01
-6.59670702e-01
-1.37089723e+00
-8.60569506e-01
-6.83393412e-01
-4.63987308e-01
-8.68608902e-01
-6.56694419e-01
-7.38376806e-01
-9.94317152e-01
-1.89370684e-01
-6.95001054e-01
-8.43037357e-01
-1.06411909e+00
-7.73576235e-01
-8.74703454e-03
-7.11228526e-01
-9.60746272e-01
-9.24966872e-01
-7.86522087e-01
-6.66520279e-01
-1.15194162e+00
-8.87136785e-01
-6.62852584e-01
-5.85661918e-01
-6.50732591e-01
-1.55001013e+00
-8.51618344e-01
-7.47672048e-01
-1.16348350e+00
-7.10414509e-01
-8.07221840e-01
-6.88873689e-01
-1.03059835e+00
-1.10049294e+00
-6.54040170e-01
-1.17528034e+00
-7.58360956e-01
-8.18672964e-01
-9.96334603e-01
-1.28511313e+00
-6.72169997e-01
-7.84999844e-01
-6.49900474e-01
-7.21330790e-01
-8.49944111e-01
-6.70135180e-01
-8.68819129e-02
-6.45850892e-01
-9.63305743e-01
-1.60282204e+00
-1.33704680e+00
-8.30683426e-01
-9.25918028e-01
-1.06450677e+00
-1.53251472e+00
-1.59471890e+00
-8.23984477e-01
-7.62148547e-01
-8.88797268e-01
-7.29439522e-01
-7.89477801e-01
-6.98541874e-01
-8.17246883e-01
-6.85198354e-01
-7.25587562e-01
-1.54591341e+00
-1.58285042e+00
0.00000000e+00
-1.02229560e+00
-6.54258576e-01
-6.55678737e-01
-2.48325504e-01
-1.57271521e+00
-7.77628148e-01
-6.41849643e-01
-1.44325065e+00
-8.55049389e-01
-3.71062267e-02
0.00000000e+00
-9.89009853e-01
-7.36731223e-01
-7.87675798e-01
-7.95566686e-01
-1.09892412e+00
-1.74692184e-01
-6.77178919e-01
-8.61404249e-01
-8.39990519e-01
-6.43736942e-01
-1.55189433e+00
-7.02919743e-01
-8.22966623e-01
-1.10815983e+00
-7.56167299e-01
-8.83382522e-01
-9.60970915e-01
-8.47943684e-01
-1.05426387e+00
-8.37628396e-01
-7.73769930e-01
-9.24531234e-01
-6.43630764e-01
-7.10878876e-01
-1.11734273e+00
-6.65212203e-01
-6.58976365e-01
-1.21311025e+00
-6.37635958e-01
-1.01354212e+00
-8.67685310e-01
-8.89229573e-01
-7.51796703e-01
-3.84773360e-01
-1.26740725e+00
-7.27454744e-01
-6.88396101e-01
-8.05386996e-01
-7.88220702e-01
-9.85473423e-01
-1.53439630e+00
-8.63879761e-01
-6.80499810e-01
-6.44961083e-01
-8.56694456e-01
-6.50097788e-01
-6.36562492e-01
-7.86926994e-01
-8.46414760e-01
-7.26321225e-01
-4.95786124e-01
-1.41125146e+00
-9.58640910e-01
-6.69539565e-01
-8.52038128e-01
-6.37170279e-01
-7.01446918e-01
-9.72984207e-03
-6.57133730e-01
-7.56533964e-01
-8.25955364e-01
-7.65744640e-01
-1.04841909e+00
-8.25664813e-01
-9.24689248e-01
-7.02139560e-01
-8.19901633e-01
-8.13818097e-01
-6.41620057e-01
-6.53544284e-01
-1.05555132e+00
-1.45691014e+00
-1.01040180e+00
-6.62869178e-01
-6.34126156e-01
-8.91069396e-01
-1.60314047e-01
-1.06236056e+00
-7.96592625e-01
-6.82355011e-01
-7.39711360e-01
-7.28902197e-01
-9.84310489e-01
-6.42898351e-01
-7.93684347e-01
-8.34077416e-01
-7.78916924e-01
-1.12360344e+00
-6.80929029e-01
-1.54461968e+00
-8.60854972e-01
-6.65269331e-01
-6.51839132e-01
-1.21783423e+00
-6.36749917e-01
-7.15529868e-01
-8.87966039e-02
-1.53501483e+00
-9.51030682e-01
-1.33524655e+00
-6.36706065e-01
-1.53576344e+00
-7.62170543e-01
-7.04541924e-01
-6.97807732e-01
-7.54060877e-01
-2.71029318e-01
-6.52536388e-01
-9.19813545e-01
-8.31362504e-01
-6.67996548e-01
-1.50543133e+00
-1.51351035e+00
-6.45435699e-01
-1.00592527e+00
-1.51241937e+00
0.00000000e+00
-3.86643003e-02
-6.35583425e-01
-8.01242719e-01
-1.42524471e+00
-8.39822950e-01
-6.80076477e-01
-1.01182995e+00
-8.91789158e-01
-6.44161410e-01
-7.29154318e-01
-7.37318672e-01
-7.85194107e-01
-6.89891705e-01
-9.74798886e-01
0.00000000e+00
-8.00910488e-01
-1.01728275e+00
-6.58680799e-01
-6.64188682e-01
-8.19526805e-01
-6.40570722e-01
-7.68304765e-01
-7.11987942e-01
-8.14253964e-01
-8.64305309e-01
-1.48870152e+00
-6.39976373e-01
-8.08971366e-01
-1.05937892e+00
-9.45458942e-01
-4.11430855e-01
-7.73303028e-01
-7.19044291e-01
-6.54435931e-01
-6.96753584e-01
-6.50943239e-01
-6.78684899e-01
-8.34329525e-01
-5.65000585e-01
-1.15280017e+00
-7.45877451e-01
-9.20154005e-01
-1.27404124e+00
-6.41675910e-01
-8.41781311e-01
-1.90316340e-01
-6.80431861e-01
-8.25073063e-01
-6.48279299e-01
-7.16670756e-01
-1.35528168e+00
-7.89891125e-01
-6.67090403e-01
-9.74296468e-01
-7.26239660e-01
-7.79826237e-01
-8.95298848e-01
-6.48176727e-01
-7.54337801e-01
-7.07104954e-01
-8.07425266e-01
-6.67245367e-01
-7.63841583e-01
-7.74972336e-01
-9.80000550e-01
-1.11794704e-01
-6.47198910e-01
-8.38391456e-01
-7.11214354e-01
-8.56501174e-01
-8.68116199e-01
-8.82722190e-01
-9.48747881e-01
-9.85275652e-01
-9.49513590e-03
-6.61110818e-01
-7.60037897e-01
-8.29862578e-01
-6.88932490e-01
-6.59424462e-01
-1.44282991e+00
-7.96915732e-01
-8.42709957e-01
-7.39744736e-01
-1.01756400e+00
-7.90477898e-01
-6.95610471e-01
-3.08054470e-01
-8.42002168e-01
-9.26548654e-01
-7.42320075e-01
-6.52781530e-01
-8.66269441e-01
-8.74890891e-01
-8.28084923e-01
-6.56466669e-01
-1.49532559e+00
-6.79102164e-01
-8.26624515e-01
-6.82471056e-01
-1.09055176e+00
-1.49013365e+00
-7.84736405e-01
-7.18121728e-01
-8.10727001e-01
-9.02432381e-01
-8.52227438e-01
-4.29059768e-01
-1.45821432e+00
-8.06281817e-01
-6.62359085e-01
-1.44032984e+00
-7.25334949e-01
-1.47163408e+00
-1.48372228e+00
-7.74602049e-01
-8.01916800e-01
-7.71534961e-01
-8.24927428e-01
-1.19687068e+00
-8.56335085e-01
-5.80400960e-01
-8.38920889e-01
-6.75324968e-01
-6.59369335e-01
-1.31075925e+00
-8.78267049e-01
-8.22622024e-01
-7.02691732e-01
-9.53424055e-01
-7.11010056e-01
-7.55603998e-01
-8.43534452e-01
-6.77596994e-01
-7.90605702e-01
-9.59587031e-01
-7.53444089e-01
0.00000000e+00
-6.71277648e-01
-9.32315458e-01
-1.36594204e+00
-6.98426005e-01
-8.11384192e-01
-9.65429958e-01
-8.56444168e-01
-8.31430040e-01
-6.68471817e-01
-7.40858790e-01
-8.10978531e-01
-2.21445086e-01
-7.35497295e-01
-7.80044000e-01
-9.95645093e-01
-6.98507527e-01
-9.11388607e-01
-3.97605347e-02
-6.90749798e-01
-6.72466644e-01
-7.26944486e-01
-7.89653944e-01
0.00000000e+00
-6.81394559e-01
-1.06082549e+00
-8.17463484e-01
-7.91305864e-01
-7.66700128e-01
-8.43690402e-01
-3.23654510e-01
-1.38898382e+00
-8.91959968e-01
-7.14934092e-01
-7.26121244e-01
-1.12843712e+00
-6.86950565e-01
-7.71622224e-01
-7.53481891e-01
-6.79556730e-01
-7.81916353e-01
-6.99094478e-01
-8.24195386e-01
-7.04913429e-01
-4.44833417e-01
-8.06530002e-01
-9.41564567e-01
-8.73902565e-01
-1.24853474e+00
-7.41452984e-01
-7.97036098e-01
-7.73153181e-01
-6.87108370e-01
-9.48233990e-01
-7.93968253e-01
-6.90336806e-01
-7.90986616e-01
-7.59581273e-01
-7.00300681e-01
-8.05866093e-01
-9.82250447e-01
-7.23722791e-01
-9.23744849e-01
-9.54657136e-01
-1.27317275e+00
-7.30576580e-01
-8.55768112e-01
-7.62245228e-01
-7.82130913e-01
-1.00649816e+00
-6.97803641e-01
-7.21621141e-01
-6.92611532e-01
-7.05672670e-01
-1.39944858e+00
-1.42225696e+00
-9.07643074e-01
-7.51931519e-01
-1.02503505e+00
-1.32546619e+00
-7.53025393e-01
-8.40625944e-01
-7.74979934e-01
-7.14204845e-01
-7.98558845e-01
-1.11799944e-01
-7.24806902e-01
-7.91428841e-01
-1.09899403e+00
-7.01773150e-01
-7.42812906e-01
-1.03094749e-02
-7.01348949e-01
-8.91334043e-01
-7.92703098e-01
-7.68513312e-01
-7.10808442e-01
-1.44763316e+00
-7.33208437e-01
-1.18599976e+00
-1.44737355e+00
-7.80761216e-01
-1.43524390e+00
-7.51732875e-01
-6.63207685e-01
-7.90470386e-01
-9.37341714e-01
-7.60408899e-01
-8.32153868e-01
-7.15674207e-01
-8.77001660e-01
-7.11372097e-01
-7.09964311e-01
-7.26802633e-01
-7.09106225e-01
-7.75752233e-01
-9.44207052e-01
-1.19685901e+00
-7.84622800e-01
-7.12670612e-01
-1.00081787e+00
-7.52592865e-01
-7.32918976e-01
-9.77041797e-01
0.00000000e+00
-9.23145107e-01
-9.50844222e-01
-7.58246260e-01
-7.25504313e-01
-1.02268006e+00
-8.66223826e-01
-7.71011861e-01
-7.22182936e-01
-7.88507426e-01
-7.45253052e-01
-7.59029755e-01
-1.35801679e+00
-7.18061147e-01
-7.84030035e-01
-1.26367671e+00
-7.53250751e-01
-7.78615724e-01
-8.28529135e-01
-1.04390075e+00
-7.77259179e-01
-9.10190114e-01
-7.65285066e-01
-7.39198711e-01
-7.75978415e-01
-7.26227876e-01
-7.38545558e-01
-1.06990965e+00
-7.78523495e-01
-7.60313362e-01
-7.29866546e-01
-7.73084489e-01
-7.28789102e-01
-8.61741556e-01
-7.38504875e-01
-9.00592918e-01
-7.84506124e-01
0.00000000e+00
-8.21910807e-01
-7.55208775e-01
-7.71942939e-01
-7.57406588e-01
-1.15778918e+00
-7.70580099e-01
-7.70923741e-01
-2.07619407e-01
-7.44759933e-01
-7.50999220e-01
-4.06248637e-02
-5.44467972e-01
-7.67631669e-01
-9.40381620e-01
-7.67881994e-01
-1.15699717e+00
-7.40752221e-01
-7.39425123e-01
-7.80957006e-01
-8.92914254e-01
-9.47043008e-01
-7.48696110e-01
-1.03817589e+00
-8.56835418e-01
-3.04078590e-01
-7.65312944e-01
-8.18438368e-01
-7.43546528e-01
-1.37458702e+00
-1.21155772e+00
-9.30523515e-01
-9.53454871e-01
-1.02052469e+00
-7.64014290e-01
-9.97652492e-01
-1.07319616e+00
-7.51637864e-01
-7.62836506e-01
-1.06270967e+00
-9.76306667e-01
-7.60267808e-01
-7.49514255e-01
-7.51233170e-01
-7.65713040e-01
-7.60845342e-01
-1.10288626e+00
-8.13423712e-01
-7.85763397e-01
-8.88803685e-01
-8.52726465e-01
-9.24243783e-01
-7.69246714e-01
-7.65834206e-01
-7.60564773e-01
-7.67079568e-01
-7.56179186e-01
-7.61491890e-01
-1.39744040e+00
-8.10017410e-01
-7.67904607e-01
-7.56809513e-01
-7.62238019e-01
-7.61958419e-01
-9.17362599e-01
-7.57177544e-01
-7.92266433e-01
-8.50307087e-01
-7.76491341e-01
-7.57654181e-01
-8.87431190e-01
-7.68907398e-01
-7.66609672e-01
-9.98207230e-03
-9.51143257e-01
-7.73070662e-01
-7.69876070e-01
-1.10625590e+00
-8.15824716e-01
-1.09374190e+00
-8.46332028e-01
-9.57284952e-01
-7.98053681e-01
-1.08201370e+00
-1.40476828e+00
-1.41006832e+00
-1.28423360e+00
-9.16365992e-01
-1.03938718e-01
-7.73664566e-01
-7.72411338e-01
-8.84947894e-01
-1.06173394e+00
-7.44331700e-01
-9.45981534e-01
-9.63099918e-01
-7.87095692e-01
-7.58108640e-01
0.00000000e+00
-7.62761147e-01
-1.04214284e+00
-9.80242022e-01
-1.14883964e+00
-7.66709789e-01
-1.01970080e+00
-8.45126257e-01
-7.76154189e-01
-7.84150869e-01
-9.99244723e-01
-8.22971216e-01
-8.02929176e-01
-9.42270448e-01
-7.71132390e-01
-1.18827080e+00
-7.81071779e-01
-7.28396555e-01
-8.83952140e-01
-9.20662127e-01
-7.97646137e-01
-7.75866809e-01
-8.50820233e-01
-8.26589448e-01
-7.88859665e-01
-7.48713533e-01
-8.81909067e-01
-7.81152526e-01
-8.12629090e-01
-7.97590694e-01
-9.47238002e-01
-7.55375429e-01
-1.14553620e+00
-9.20102968e-01
-7.62455010e-01
-1.31929069e+00
-1.13107211e+00
-7.87398451e-01
-1.25261119e+00
-8.52864435e-01
-9.71079992e-01
-8.80832857e-01
-8.31855593e-01
-6.29825871e-01
0.00000000e+00
-7.69555653e-01
-7.31143241e-01
-1.10478196e+00
-8.10968867e-01
-6.82502562e-01
-7.93841833e-01
-9.76750878e-01
-7.33607212e-01
-4.14940323e-02
-3.88969753e-01
-1.08265749e+00
-6.54602122e-01
-8.21995224e-01
-7.36162550e-01
-9.21041146e-01
-9.71177772e-01
-7.77665430e-01
-9.81982727e-01
-1.06092018e+00
-8.81859457e-01
-8.01828620e-01
-8.56381725e-01
-7.15532408e-01
-1.03650766e+00
-1.36005485e+00
-7.04307220e-01
-9.54454084e-01
-7.27613161e-01
-9.92424050e-01
-6.90838002e-01
-7.08171140e-01
-7.45515887e-01
-8.39462506e-01
-1.02032850e+00
-1.94442508e-01
-8.11471706e-01
-9.19778081e-01
-7.87521612e-01
-1.00353311e+00
-6.79894228e-01
-8.83577785e-01
-7.55183549e-01
-8.23351124e-01
-7.96525403e-01
-9.56373828e-01
-9.16656324e-01
-8.03176606e-01
-9.80260026e-01
-8.34120179e-01
-6.77313459e-01
-6.83300376e-01
-7.11360833e-01
-7.65411215e-01
-6.97714773e-01
-8.67199277e-01
-8.47015075e-01
-1.37454959e+00
-1.18175616e+00
-8.12543280e-01
-7.75538726e-01
-6.56031209e-01
-9.17692804e-01
-9.58519647e-01
-1.15361874e+00
-9.81096704e-01
-8.24584276e-01
-8.93747073e-01
-1.00199723e+00
-6.54944767e-01
-7.20478513e-01
-7.88657875e-01
-7.30447414e-01
-9.55718890e-01
-1.12747844e+00
-8.73676732e-01
-1.00787161e+00
-1.10401437e+00
-8.36942623e-01
-1.07973268e-02
-1.37899018e+00
-6.97580143e-01
-9.84265055e-01
-1.08040175e+00
-7.43808454e-01
-1.01328358e+00
-9.53040988e-01
0.00000000e+00
-4.97339750e-01
-1.00612034e+00
-9.20664561e-01
-1.23568301e+00
-8.02902326e-01
-7.56560746e-01
-1.06033299e+00
-8.11684894e-01
-8.51068893e-01
-1.04178099e-01
-1.01335209e+00
-7.01516341e-01
-8.20845797e-01
-1.04073028e+00
-8.64497275e-01
-7.03637884e-01
-7.69628231e-01
-1.02116953e+00
-9.03910817e-01
-2.77291260e-01
-7.08773719e-01
-1.05756439e+00
-1.00899240e+00
-9.91466468e-01
-8.80838490e-01
-7.13784568e-01
-8.34111443e-01
-9.55650762e-01
-7.84591255e-01
-9.89246631e-01
-9.30282527e-01
-8.48946122e-01
-1.09170608e+00
-1.27811189e+00
-1.01741863e+00
-1.07033820e+00
-9.10009821e-01
-8.01780180e-01
-8.63712100e-01
-7.29391861e-01
-1.19886115e+00
-7.45435374e-01
-9.58149300e-01
-9.91286767e-01
-7.60490343e-01
-8.18842483e-01
-1.04400946e+00
-1.17475549e+00
-6.64680764e-01
-8.79945842e-01
-1.32385664e+00
-8.30022123e-01
-8.42115475e-01
-1.05113294e+00
-1.02563371e+00
-8.96923921e-01
-1.15277903e+00
-9.40674336e-01
-7.78279517e-01
-1.05792663e+00
0.00000000e+00
-1.12943952e+00
-9.15608826e-01
-1.04952713e+00
-1.10380922e+00
-8.58104519e-01
-1.05465840e+00
-4.26158583e-02
-9.93866571e-01
-1.24419581e+00
-7.13495861e-01
-1.02876511e+00
-1.08638055e+00
-1.06599365e+00
-8.74330560e-01
-1.34799869e+00
-9.68207775e-01
-1.09547153e+00
-7.32438389e-01
-7.96653641e-01
-3.72018747e-01
-7.50004069e-01
-1.05959014e+00
-8.16603019e-01
-9.45518297e-01
-8.91101062e-01
-1.88269172e-01
-7.70025817e-01
-6.43458698e-01
-1.03094411e+00
-6.82577680e-01
-8.36931553e-01
-9.98151878e-01
-1.35607712e+00
-1.14357130e+00
-8.50980163e-01
-1.05886692e+00
-6.89234127e-01
-8.65419076e-01
-9.14206702e-01
-6.95840158e-01
-1.09942684e+00
-7.90356379e-01
-9.33624349e-01
-7.17281079e-01
-9.77556001e-01
-1.21620756e+00
-1.09418277e+00
-8.82330286e-01
-5.77354166e-01
-7.37667974e-01
-1.06168965e+00
-8.12940280e-01
-6.12797183e-01
-1.10344222e+00
-9.55987209e-01
-1.03539915e+00
-1.19815094e+00
0.00000000e+00
-6.04538331e-01
-7.60320341e-01
-9.00490152e-01
-1.09540803e+00
-8.35266188e-01
-1.11264923e+00
-6.36750904e-01
-8.54285169e-01
-1.00732334e+00
-1.11878087e+00
-8.69889411e-01
-1.18023008e+00
-7.82407345e-01
-6.21811375e-01
-1.05134429e-02
-6.59544951e-01
-1.14605723e+00
-1.14867685e+00
-1.12397930e+00
-9.24255293e-01
-1.09367778e+00
-8.86874023e-01
-1.15462169e+00
-9.87815330e-01
-1.07269068e+00
-8.07059490e-01
-1.01340434e-01
-1.03878527e+00
-9.05441189e-01
-9.50014978e-01
-2.69168591e-01
-1.29970554e+00
-6.25567248e-01
-6.55143712e-01
-7.03817256e-01
-8.31856921e-01
-8.52492471e-01
-1.01615586e+00
-1.27899232e+00
-7.26978465e-01
-8.73192762e-01
-9.72917550e-01
-9.25783587e-01
-6.39686381e-01
-1.10548537e+00
-8.90996620e-01
-7.47720509e-01
-1.07609402e+00
-6.50195038e-01
-1.14686699e+00
-1.32553531e+00
-9.97368548e-01
-6.32998148e-01
-6.67076918e-01
-9.51520000e-01
-7.98789962e-01
-9.09577542e-01
-1.04745137e+00
-7.72836074e-01
-6.75200799e-01
-1.15845906e+00
-6.83210944e-01
-1.14308933e+00
-1.17031447e+00
-4.74799455e-01
-8.25660995e-01
-9.76939282e-01
-9.30207222e-01
-8.50983018e-01
-1.02571194e+00
-1.11571160e+00
-1.18532336e+00
-8.73248119e-01
-1.19259261e+00
-1.25967959e+00
-1.18190725e+00
-1.15261976e+00
-1.08419634e+00
0.00000000e+00
-1.20841475e+00
-1.00138698e+00
-9.52158657e-01
-8.96060989e-01
-1.21292884e+00
-3.93506037e-02
-7.16309287e-01
-1.05556780e+00
-9.15515979e-01
-1.15406386e+00
-9.77635705e-01
-1.33354411e+00
-7.39216784e-01
-1.02920607e+00
-6.45014619e-01
-8.17804555e-01
-7.90560766e-01
-1.12378723e+00
-8.45159433e-01
-7.61616561e-01
-1.83888141e-01
-9.38691323e-01
-8.72039865e-01
-1.00462461e+00
-1.24292883e+00
-1.09198959e+00
-1.05888494e+00
-6.97106663e-01
-1.19583887e+00
-8.95814312e-01
-1.15227384e+00
0.00000000e+00
-1.23369269e+00
-9.61158103e-01
-9.77669299e-01
-6.27241587e-01
-1.03240702e+00
-1.20905759e+00
-7.26706559e-01
-1.08946775e+00
-9.20438469e-01
-1.22272615e+00
-1.13078734e+00
-8.10327987e-01
-1.00463783e+00
-7.50646750e-01
-8.37944340e-01
-7.81142051e-01
-1.24449419e+00
-1.19203152e+00
-6.10572901e-01
-8.66339245e-01
-1.20751191e+00
-6.58859542e-01
-1.06182456e+00
-3.62590437e-01
-1.19290262e+00
-6.67898302e-01
-9.44429957e-01
-1.28028473e+00
-1.26916699e+00
-6.76906086e-01
-1.03305761e+00
-1.15877647e+00
-8.94919215e-01
-1.12740282e+00
-9.23175422e-03
-1.09205627e+00
-1.31010612e+00
-7.08591121e-01
-9.69412423e-01
-9.86512190e-01
-1.26182243e+00
-1.29916411e+00
-1.00396935e+00
-9.20266011e-01
-1.06214774e+00
-1.15842539e+00
-6.40745321e-01
-1.18847533e+00
-7.39120486e-01
-7.71378845e-01
-9.59508916e-02
-8.02079292e-01
-8.31228750e-01
-1.28737907e+00
-8.59558363e-01
-1.12397303e+00
-9.42831893e-01
-1.03234934e+00
-1.09490714e+00
-8.89192954e-01
-5.73197491e-01
-1.18765387e+00
-1.23738309e+00
-1.15449325e+00
-1.24956747e+00
-9.68174588e-01
-6.20122194e-01
-1.06213479e+00
-1.25102835e+00
-5.85725403e-01
-6.20335229e-01
-9.19391706e-01
-9.91855146e-01
-1.31913220e+00
-1.12661523e+00
-1.00984998e+00
-6.39178147e-01
-1.26509413e+00
-1.18674885e+00
-1.27787777e+00
-1.03331541e+00
-6.05245404e-01
-7.02068004e-01
-9.42564704e-01
-6.26513587e-01
-1.09470397e+00
-6.37936693e-01
-1.22995973e+00
-1.33058725e+00
-5.93103575e-01
-1.15242549e+00
-1.26833477e+00
-1.30582353e+00
-1.25917829e+00
-7.57864873e-01
-7.90675116e-01
-7.34530436e-01
-9.66313879e-01
-6.09205581e-01
-1.06320750e+00
-8.26112308e-01
-8.56317651e-01
-1.32991420e+00
-1.12890611e+00
-8.85230045e-01
0.00000000e+00
-9.90351669e-01
-1.18401424e+00
-2.79463602e-01
-1.33091962e+00
-1.22815275e+00
-6.20699878e-01
-6.23183909e-01
-6.56403524e-01
-5.80846196e-01
-6.66870399e-01
-1.76812728e-01
-5.86875171e-01
-3.66547907e-02
-1.01507777e+00
-1.09254030e+00
-6.77121026e-01
-9.16515810e-01
-1.15450394e+00
-1.27577949e+00
-1.20728998e+00
-5.48950038e-01
-1.30708343e+00
-1.03906911e+00
0.00000000e+00
-9.44085993e-01
-1.30005690e+00
-1.06382204e+00
-5.57800392e-01
-1.18115814e+00
-1.12659949e+00
-6.27023107e-01
-1.27195416e+00
-9.68476897e-01
-6.37881038e-01
-1.28045865e+00
-9.94617857e-01
-1.28507366e+00
-7.78962642e-01
-6.02432173e-01
-7.55537034e-01
-1.09319207e+00
-1.20400492e+00
-7.31386527e-01
-1.24871230e+00
-4.88335449e-01
-1.16003791e+00
-8.16268588e-01
-1.29842040e+00
-1.01987158e+00
-6.14293982e-01
-8.52543413e-01
-1.22742592e+00
-8.82900808e-01
-1.04262570e+00
-9.12882553e-01
-1.12383519e+00
-1.36122877e+00
-1.18651440e+00
-1.06772150e+00
-9.41329136e-01
-1.29841564e+00
-1.36099822e+00
-1.32063546e+00
-1.40540169e+00
-1.34948696e+00
-1.36348829e+00
-9.70133855e-01
-1.21171808e+00
-7.09396891e-01
-1.15694353e+00
-6.20972711e-01
-9.15147449e-02
-1.09635319e+00
-9.96779087e-01
-9.08780691e-03
-1.23504001e+00
-1.02411178e+00
-7.73538343e-01
-1.19161410e+00
-1.04725928e+00
-7.49558767e-01
-8.06851140e-01
-1.12699824e+00
-1.07103407e+00
-1.29787248e+00
-6.66486582e-01
-8.44481688e-01
-1.31004612e+00
-6.77243690e-01
-1.30307253e+00
-1.30679624e+00
-1.21681264e+00
-8.80890681e-01
-6.87796949e-01
-9.11974132e-01
-9.38254821e-01
-1.35598392e+00
-1.31550181e+00
-1.16082280e+00
-6.17185212e-01
-1.28050688e+00
-1.09985231e+00
-1.32798299e+00
-1.24259037e+00
-9.67813847e-01
-1.41604894e+00
-1.00001288e+00
-7.29596947e-01
-1.19545713e+00
-3.93494156e-01
-1.05156692e+00
-1.02796288e+00
-1.12963738e+00
-1.41882572e+00
-1.43593284e+00
-2.71265350e-01
-1.07567350e+00
-6.56292395e-01
-1.70726002e-01
-7.69712169e-01
-1.30638974e+00
-8.03511192e-01
-1.28795745e+00
-1.31534538e+00
-1.38348641e+00
-1.09896864e+00
-1.43767161e+00
-1.22677395e+00
-8.36600625e-01
0.00000000e+00
-1.16360006e+00
-8.73954968e-01
0.00000000e+00
-9.11041081e-01
-7.16470229e-01
-1.25273138e+00
-9.37892861e-01
-3.61034797e-02
-9.64971677e-01
-1.47755965e+00
-1.12876891e+00
-1.19881815e+00
-5.58496875e-01
-9.97830690e-01
-1.07991081e+00
-1.05540518e+00
-5.95773076e-01
-1.35275981e+00
-1.03135666e+00
-1.40892679e+00
-1.33425673e+00
-6.49862609e-01
-1.27966171e+00
-7.57318574e-01
-5.90590041e-01
-1.15971986e+00
-1.38295314e+00
-1.34641318e+00
-6.27285731e-01
-1.10336125e+00
-1.23006040e+00
-1.30869044e+00
-1.30879221e+00
-8.65313523e-01
-6.18519635e-01
-1.35854617e+00
-7.95558288e-01
-6.88843820e-01
-8.29028168e-01
-6.35463193e-01
-9.34611828e-01
-9.02913042e-01
-6.98777291e-01
-1.12742401e+00
-1.19475116e+00
-9.62008406e-01
-7.08718335e-01
-1.44904162e+00
-9.94911501e-01
-1.26239554e+00
-1.32603135e+00
-1.02871716e+00
-1.22546490e+00
-1.15837995e+00
-1.08243454e+00
-1.48241745e+00
-7.46172202e-01
-1.05762333e+00
-1.46820667e+00
-6.60880127e-01
-1.10418077e+00
-1.32060150e+00
-1.28955046e+00
-7.84629419e-01
-9.05454214e-02
-1.30940560e+00
-6.57145666e-01
-1.43401443e+00
-1.19046008e+00
-1.52433172e+00
-1.25768728e+00
-1.12833343e+00
-6.81134760e-01
-9.27018066e-01
-9.59167744e-01
-8.94965739e-01
-8.96920480e-03
-8.58809512e-01
-9.92341404e-01
-1.31752152e+00
-8.22515767e-01
-6.74648635e-01
-1.02595700e+00
-1.22098893e+00
-6.69273808e-01
-1.15439875e+00
-1.05498967e+00
-1.44207561e+00
-1.36724439e+00
-1.29041168e+00
-7.39837897e-01
-1.08477909e+00
-4.82752558e-01
-1.39341753e+00
-1.42080980e+00
-1.37970616e+00
-1.25271314e+00
-1.10672224e+00
-1.18628862e+00
-1.51085286e+00
-7.64729999e-01
-1.39214696e+00
-3.82329865e-01
-1.12905141e+00
-1.31851536e+00
-2.60994755e-01
-1.21731321e+00
-8.02759023e-01
0.00000000e+00
-1.28521905e+00
-1.15517073e+00
-1.35881071e+00
-1.36914886e+00
-1.05516031e+00
-1.24888658e+00
-7.15845388e-01
-9.58444932e-01
-9.26331871e-01
-8.90377149e-01
-7.25671473e-01
-1.49627043e+00
-9.92637480e-01
-8.54607197e-01
-1.08512928e+00
-1.18190559e+00
-7.35425330e-01
-1.31890222e+00
-1.02655444e+00
-7.05750142e-01
-1.28333001e+00
-1.11089849e+00
-1.34732932e+00
-7.60143259e-01
-6.74005021e-01
-1.52531277e+00
-1.21271081e+00
-1.13340157e+00
-1.32283277e+00
-1.69448795e-01
-6.96469409e-01
0.00000000e+00
-1.15545566e+00
-7.84725728e-01
-3.57223277e-02
-1.24464451e+00
-1.49698654e+00
-1.31693492e+00
-1.48335370e+00
-1.40199993e+00
-7.29308247e-01
-1.18219645e+00
-7.49572519e-01
-8.36192198e-01
-7.38914457e-01
-1.27884915e+00
-1.45891949e+00
-1.41535481e+00
-1.08531524e+00
-1.34734091e+00
-1.53853271e+00
-7.20233584e-01
-7.74029053e-01
-1.42877383e+00
-1.11116205e+00
-1.21207123e+00
-1.05609915e+00
-1.31449378e+00
-1.45050094e+00
-7.95480545e-01
-9.58634633e-01
-9.22832336e-01
-8.87529728e-01
-1.38999142e+00
-9.92660511e-01
-1.13757851e+00
-1.02739898e+00
-1.24373325e+00
-1.15969821e+00
-8.19979791e-01
-1.31719046e+00
-1.34484136e+00
-1.35530949e+00
-1.18241827e+00
-7.18547721e-01
-7.64407312e-01
-7.54048173e-01
-7.43727599e-01
-1.28031752e+00
-7.85613387e-01
-1.41531916e+00
-1.37642690e+00
-8.70787067e-01
-7.03054722e-01
-1.21211941e+00
-8.06852045e-01
-1.31574696e+00
-1.11227293e+00
-7.74927682e-01
-8.30950261e-01
-5.81321144e-01
-7.41902964e-01
-7.96026996e-01
-1.24275492e+00
-1.13873041e+00
-1.08249030e+00
-6.24929949e-01
-7.70174212e-01
-7.60056668e-01
-8.82633966e-03
-4.82141157e-01
-8.93959600e-02
-6.27030237e-01
-8.55184295e-01
-1.16942966e+00
-1.27910103e+00
-9.63386787e-01
-7.85708952e-01
-1.43669884e+00
-9.28166360e-01
-6.71805525e-01
-1.35828327e+00
-1.19219583e+00
-8.08119315e-01
0.00000000e+00
-1.35132182e+00
-3.74046627e-01
-6.71378623e-01
-1.45136994e+00
-7.81060959e-01
-1.31672466e+00
-7.40650993e-01
-6.94039346e-01
-1.54012246e+00
-8.20441994e-01
-7.24154748e-01
-7.58777756e-01
-1.46626521e+00
-7.97987549e-01
-1.39048145e+00
-1.55300363e+00
-7.76685670e-01
-1.39984802e+00
-7.22796244e-01
-8.44403673e-01
-1.42092902e+00
-7.28221239e-01
-9.11967412e-01
-1.52764465e+00
-1.01730242e+00
-1.13976984e+00
-1.05224270e+00
-8.10411984e-01
-7.99712320e-01
-1.50341774e+00
-1.34407120e+00
-7.48722791e-01
-1.17046805e+00
-1.35128233e+00
-2.60132462e-01
-8.22602022e-01
-7.95450660e-01
-6.07812444e-01
-1.20205425e+00
-1.29325570e+00
-1.35093699e+00
-8.12133117e-01
-8.97392274e-01
-6.47309271e-01
-1.34501566e+00
-1.59304641e+00
-8.34917981e-01
-7.69388504e-01
-4.84554762e-01
-6.79382499e-01
-9.69247238e-01
-7.86894415e-01
-1.46298947e+00
-1.33064809e+00
-1.34410107e+00
-1.23740760e+00
-8.30454573e-01
-1.39128360e+00
-7.54781200e-01
-1.40288449e+00
-1.39408394e+00
-8.14243750e-01
-1.38690705e+00
-1.41229266e+00
-1.12507637e+00
-8.42681652e-01
-1.42242458e+00
-1.40585397e+00
0.00000000e+00
-8.87069125e-01
-1.44506049e+00
-1.39716613e+00
-1.26839835e+00
-7.26468853e-01
-3.50035479e-02
-1.38606465e+00
-1.46840276e+00
-1.67452007e-01
-9.53861065e-01
-1.41533448e+00
-8.05924877e-01
-7.30985492e-01
-1.33046052e+00
-8.32469188e-01
-1.39492874e+00
-1.62606757e+00
-1.02266514e+00
-1.42562539e+00
-1.40929426e+00
-1.48440834e+00
-1.38635583e+00
-1.37910254e+00
-1.41898706e+00
-7.41954726e-01
-1.40575504e+00
-1.37341503e+00
-1.39511959e+00
-7.98443195e-01
-1.50067733e+00
-1.42936331e+00
-8.50640191e-01
-1.40456932e+00
-8.94238539e-01
-1.38945474e+00
-1.38231830e+00
-1.37209712e+00
-1.41822154e+00
-9.39553344e-01
-1.39834303e+00
-1.57442810e+00
-1.24734926e+00
-5.57942513e-01
-1.38046868e+00
-1.42850243e+00
-7.71131029e-01
-1.00824192e+00
-1.40803373e+00
-1.41569159e+00
-1.34518296e+00
-1.39303991e+00
-8.30282547e-01
-1.35800594e+00
-1.07784461e+00
-1.18390344e+00
-1.45645348e+00
-1.37217826e+00
-1.40216769e+00
-1.48051412e+00
-1.38988386e+00
-1.58326398e+00
-1.38042340e+00
-1.41198277e+00
-1.41957122e+00
-1.21562662e+00
-1.42898802e+00
-9.01562520e-01
-1.36154784e+00
-1.38931271e+00
-1.49689573e+00
-1.46029996e+00
-1.37556411e+00
-8.23114633e-01
-8.48233696e-01
-6.62854474e-01
-9.46245756e-01
-1.40075245e+00
-1.60646584e+00
-1.38387746e+00
-1.41023927e+00
-9.92745640e-01
-1.39878066e+00
0.00000000e+00
-1.39296093e+00
-1.37949062e+00
-1.06231266e+00
-8.10226218e-01
-1.31967589e+00
-1.52016665e+00
-1.45435931e+00
-1.38794079e+00
-3.68696558e-01
-1.36939208e+00
-1.41000271e+00
-1.40277114e+00
-1.39707842e+00
-7.09775539e-01
-9.53053221e-01
-1.59853518e+00
-1.44533130e+00
-1.45469900e+00
-1.49237864e+00
-1.15118612e+00
-1.42771547e+00
-9.99062105e-01
-8.47153305e-01
-8.61163454e-03
-8.75391709e-02
-1.04755577e+00
-1.44456145e+00
-1.43702732e+00
-1.29390718e+00
-1.51518612e+00
-1.48598638e+00
-8.95790128e-01
-8.34301259e-01
-1.12037229e+00
-1.56864306e+00
-1.37195024e+00
-1.00545253e+00
-2.54049894e-01
-1.26085204e+00
-1.65363242e+00
-8.23954573e-01
-1.53869716e+00
-1.50869835e+00
-1.48007306e+00
-1.05360095e+00
-1.38965916e+00
-1.39843687e+00
-4.75038694e-01
-1.10435994e+00
-1.52338165e+00
-1.62977470e+00
-9.45231508e-01
-1.22907487e+00
-8.93956076e-01
-1.34484793e+00
-1.52808892e+00
-1.49878072e+00
-1.05968350e+00
-1.35169442e+00
-1.43686272e+00
-1.19582419e+00
-1.11024487e+00
-8.21853038e-01
-1.62646145e+00
-1.16392247e+00
-9.98137328e-01
-1.51783317e+00
-1.31044498e+00
-1.45450316e+00
-1.58288082e+00
-1.39836649e+00
-1.11613999e+00
-9.40224761e-01
-3.40245751e-02
-8.89703493e-01
0.00000000e+00
-1.26028779e+00
-1.27716145e+00
-1.16974823e+00
-1.59067691e-01
-1.65902182e+00
-1.48035380e+00
-1.39834309e+00
-1.47197465e+00
-1.05015731e+00
-1.57087432e+00
-8.78085216e-01
-1.70371706e+00
-1.41428648e+00
-1.22631715e+00
0.00000000e+00
-1.36151514e+00
-1.09761638e+00
-1.65418567e+00
-1.17556770e+00
-9.90901864e-01
-1.67040796e+00
-8.31831940e-01
-3.58791979e-01
-1.23215509e+00
-1.43064610e+00
-1.62565068e+00
-9.34870066e-01
-1.64818937e+00
-1.37678942e+00
-8.64640897e-01
-1.29205180e+00
-1.30912942e+00
-1.32666224e+00
-1.15510229e+00
-1.23797908e+00
-1.04270124e+00
-1.54913785e+00
-1.39203424e+00
-1.37350663e+00
-1.08751244e+00
-1.29791714e+00
-1.32362892e+00
-1.34116398e+00
-9.86446899e-01
-5.48910346e-01
-1.70425513e+00
-8.27142273e-03
-8.14967070e-02
-1.13590669e+00
-1.58788531e+00
-9.32713029e-01
-1.72669193e+00
-1.50162432e+00
-1.60131015e+00
-1.30376376e+00
-1.32948178e+00
-6.76284327e-01
-1.35608638e+00
-1.43947813e+00
-1.22320566e+00
-2.40418243e-01
-1.03516240e+00
-1.44784287e+00
-1.68245827e+00
-1.72589422e+00
-7.66215071e-01
-9.82706100e-01
-1.69139993e+00
-1.20171639e+00
-9.23075560e-01
-1.28753519e+00
-1.53256740e+00
-1.40931158e+00
0.00000000e+00
-1.08936485e+00
-1.57679398e+00
-1.72509427e+00
-1.34135765e+00
-1.36779135e+00
-1.13470292e+00
-1.03142006e+00
-3.06423346e-02
-8.98854896e-01
-4.58200222e-01
-1.51679667e+00
0.00000000e+00
-1.47952329e-01
-1.27181275e+00
-1.66684785e+00
-9.87306540e-01
-1.18508770e+00
-1.79734617e+00
-1.46390001e+00
-3.12231590e-01
-1.40328987e+00
-1.08115456e+00
-1.48538525e+00
-1.32456282e+00
-1.42043294e+00
-9.82020360e-01
-1.69956463e+00
-1.03320837e+00
-1.37954306e+00
-1.64624670e+00
-1.25260432e+00
-1.13455733e+00
-1.06974997e+00
-1.79724411e+00
-9.65854706e-01
-6.95545494e-03
-8.83557627e-01
-7.41415412e-02
-1.18187212e+00
-1.58093149e+00
-1.31858072e+00
-1.67938715e+00
-2.02691124e-01
-1.73989949e+00
0.00000000e+00
-1.76625612e+00
-1.11659874e+00
-1.04355778e+00
-1.37303434e+00
-1.23400358e+00
-1.58359199e+00
-1.48032133e+00
-1.43915367e+00
-1.71343991e+00
-1.07303198e+00
-1.52988870e+00
-9.67286598e-01
-5.16676559e-01
-1.43926551e+00
-1.04672721e+00
-1.29811540e+00
-1.52445039e+00
-1.17430100e+00
-6.53433474e-01
-1.10470547e+00
-1.77214413e+00
-3.94380877e-01
-2.70018797e-02
-1.05066412e+00
-1.22365203e+00
-1.16663235e-01
-1.36678653e+00
-7.73441428e-01
-1.75836656e+00
0.00000000e+00
-2.62865293e-01
-1.15310418e+00
-1.77651270e+00
-1.08991520e+00
-1.43302301e+00
-1.27991145e+00
-1.68924659e+00
-1.09410772e+00
-1.70454818e+00
-1.11132954e+00
-1.07414569e+00
-1.49980737e+00
-9.32968935e-01
0.00000000e+00
-1.66344748e+00
-1.21282415e+00
-1.13908965e+00
-1.34785882e+00
-1.54634279e+00
-1.61965917e+00
-6.07170379e-01
-1.11653648e+00
-1.47430723e+00
-1.59213060e+00
-5.42231132e-02
-1.78641939e+00
-7.46886236e-01
-1.76550321e+00
-1.61923650e-01
-1.26653140e+00
-6.42409361e-03
-1.41302006e+00
-1.71546381e+00
-1.56056593e+00
-1.18985830e+00
-9.87217524e-01
-1.75843428e+00
-1.12207048e+00
-8.49645053e-01
-1.71445011e+00
-1.48159224e+00
-1.05057347e+00
-1.13173229e+00
-1.13956671e+00
-1.32709281e+00
-1.23904964e+00
-1.64487722e+00
-1.06813491e+00
-1.76406297e+00
-1.17004831e+00
-1.53221859e+00
-4.58255917e-01
-1.39288033e+00
-9.77646829e-01
-1.29574812e+00
-1.57706225e+00
-1.73726479e+00
-1.78235245e+00
-1.21222100e+00
-6.41696167e-01
-1.74683551e+00
-8.90226140e-02
-3.22724691e-01
-2.47422377e-02
0.00000000e+00
-1.36525169e+00
-1.46255955e+00
-1.68923387e+00
-7.47828931e-01
0.00000000e+00
-1.26455526e+00
-1.14274012e+00
-1.50227983e+00
-1.66271751e+00
-1.78937511e+00
-1.14024639e+00
-1.65210907e+00
-8.65196694e-01
-1.43537953e+00
-1.72748616e+00
-1.16549697e+00
-1.19347778e+00
-1.33080274e+00
-1.51707204e+00
-1.15768398e+00
-2.32331076e-01
-1.60055792e+00
-1.75436714e+00
-1.40596861e+00
-1.30714600e+00
-1.24038129e+00
-1.64383432e+00
-1.75202270e+00
-1.57098045e+00
-1.77501105e+00
-1.48868738e+00
-9.84217298e-01
-4.96215397e-01
-1.38079931e+00
-1.69335652e+00
-4.92111047e-02
-1.67853464e+00
-1.05885982e+00
-5.83732440e-03
-1.45946747e+00
-1.54711531e+00
-1.76155582e+00
-1.27881584e+00
-1.35469072e+00
-1.07817102e+00
-1.18171962e+00
-1.15665670e+00
-1.21562004e+00
-1.43198210e+00
-6.19804982e-01
-1.71710740e+00
-1.14077145e+00
0.00000000e+00
-9.31255029e-01
-1.42866198e-01
-1.13788246e+00
-1.40445805e+00
-7.26789989e-01
-1.51698043e+00
-1.53527588e+00
-1.61462885e+00
-1.73535024e+00
-1.65135063e+00
-1.48906438e+00
-1.74130368e+00
-1.36375333e+00
-1.28366119e+00
-1.71078803e+00
-1.74429494e+00
-3.72966591e-01
-1.45918994e+00
-1.69121592e+00
-1.59176881e+00
-2.23098678e-02
-7.96822250e-02
-1.41573385e+00
-1.18961697e+00
-1.22916475e+00
-1.62812711e+00
-1.71657404e+00
-1.73082432e+00
-1.12952365e+00
0.00000000e+00
-1.37175284e+00
-4.79464879e-01
-1.73280557e+00
-2.78952563e-01
-1.66636525e+00
-1.13234137e+00
-1.70236424e+00
-9.02609694e-01
-1.72653858e+00
-1.74173380e+00
-7.66921564e-01
-1.11313424e+00
-1.30385737e+00
-9.76013526e-01
0.00000000e+00
-1.59555338e+00
-5.95276692e-01
-1.73939737e+00
-1.56222856e+00
-1.00135586e+00
-1.69957125e+00
-1.75935890e+00
-1.72911703e+00
-2.01383418e-01
-1.23983805e+00
-1.56006465e+00
-1.51110360e+00
-4.38421338e-02
-1.64960654e+00
-5.22022988e-03
-1.68558629e+00
-1.07657167e+00
-1.78204151e+00
-1.76925525e+00
-1.15343322e+00
-1.77217946e+00
-1.79246532e+00
-1.70103612e+00
-1.26276583e-01
-9.30193894e-01
-7.51520376e-01
-1.08445644e+00
-9.84424714e-01
-1.69454436e+00
-1.44774678e+00
-3.89762602e-01
-1.77435406e+00
0.00000000e+00
-1.82555638e+00
-1.66141166e+00
-7.04587146e-02
-1.82144284e+00
-1.74628998e+00
-1.85643263e+00
-1.58220889e+00
-1.35576653e+00
0.00000000e+00
-9.82364003e-01
-2.06886620e-02
-4.86432837e-01
-1.88584677e+00
-2.99158056e-01
-1.21501271e+00
-8.66106323e-01
-1.00761619e+00
-1.63109814e+00
-1.82963862e+00
-1.84657572e+00
-1.70867960e+00
-1.11172612e+00
-1.92524207e-01
-1.98102564e+00
-8.87894288e-01
0.00000000e+00
-1.94174828e+00
-1.59713416e+00
-6.09893294e-01
-1.81093505e+00
-1.66672223e+00
-3.96821409e-02
-2.01411576e+00
-5.10073937e-03
-1.23313906e-01
-1.52919567e+00
-1.01622268e+00
-1.76094862e+00
-9.03905252e-01
-1.86061639e+00
-1.32682079e+00
-1.91847035e+00
-1.17250033e+00
-1.74387814e+00
-1.94069119e+00
-3.96205457e-01
0.00000000e+00
-6.31537887e-02
-1.61257974e+00
-1.91235441e+00
0.00000000e+00
-2.78483313e-01
-9.21260927e-01
-1.89627457e-02
-1.68110414e+00
-7.55210000e-01
-1.05961999e+00
-1.47829429e+00
-1.73435027e+00
-1.82638461e-01
-1.89839256e+00
-1.83924443e+00
-1.27406402e+00
-1.98826220e+00
-6.23510593e-01
-7.84279368e-01
-1.96112483e+00
-4.48412798e-03
-9.47565682e-01
0.00000000e+00
-1.95055448e+00
-1.73352091e+00
-3.58135418e-02
-1.61745425e+00
-1.08934868e-01
-1.13029139e+00
-4.31454334e-01
-1.40355493e+00
-1.63373771e+00
-1.79668983e+00
-3.08430712e-01
-8.15484905e-01
0.00000000e+00
-1.87544858e+00
-2.12873664e-01
-1.68069721e-02
-1.00699317e+00
-5.63114697e-02
-1.80659794e+00
0.00000000e+00
-1.92671491e+00
-1.64499880e+00
-1.84529714e+00
-1.22518581e+00
-6.78699333e-01
-1.43029983e-01
-8.79218397e-01
-5.64228487e-01
-3.98106645e-03
-1.56091331e+00
-1.79245011e+00
-3.17636744e-02
-1.07625363e+00
-1.67529633e+00
0.00000000e+00
-8.27894408e-02
-1.81641735e+00
-7.47504387e-01
-4.56106104e-01
-3.41808495e-01
-1.30193461e+00
-2.39594295e-01
-9.40010993e-01
-1.49392117e-02
0.00000000e+00
-1.69353933e-01
-6.25996041e-01
-1.68848920e+00
-5.24035708e-02
-1.71723701e+00
0.00000000e+00
-1.11440386e-01
-1.13652945e+00
-1.60866696e+00
-8.13899577e-01
-5.21642731e-01
-1.00335090e+00
-3.48799307e-03
-1.38471123e+00
-4.02770500e-01
-3.01032060e-02
-3.00452857e-01
-6.94395578e-01
0.00000000e+00
-1.58929906e+00
-7.60697701e-02
-2.28056142e-01
-8.72890948e-01
-1.18571892e+00
-1.63837060e-01
-1.39040401e-02
-5.80748221e-01
0.00000000e+00
-1.01689803e-01
-1.42092173e+00
0.00000000e+00
-1.05080581e+00
-4.87196634e-02
-4.64704153e-01
-7.33301829e-01
-3.56981086e-01
-9.29291225e-01
-1.24976266e+00
-3.43536146e-03
-6.21717638e-01
-6.97496679e-02
-2.75955424e-02
0.00000000e+00
-2.82965255e-01
-5.11400881e-01
-7.88588153e-01
-2.17093800e-01
-1.08245508e+00
-1.49044248e-01
-4.04779874e-01
-9.29499200e-02
-1.29911139e-02
0.00000000e+00
-9.64933177e-01
-6.59488987e-01
0.00000000e+00
-3.15622127e-01
-5.51601997e-01
0.00000000e+00
-5.04747153e-02
-8.28589246e-01
-2.49347371e-01
-4.49620238e-01
-3.01759002e-03
-1.74996010e-01
-1.16807950e-01
0.00000000e+00
-3.60015685e-01
-7.01782117e-01
-6.98445545e-02
-3.02197220e-02
-9.85706928e-03
-5.87862332e-01
-2.79669980e-01
0.00000000e+00
0.00000000e+00
-4.89294843e-01
-2.04541617e-01
0.00000000e+00
-1.40257015e-01
-3.92035853e-01
-1.91318146e-03
-9.06978822e-02
-5.16162938e-02
-2.45076640e-02
0.00000000e+00
-3.12374979e-01
-7.38374497e-03
-2.34316807e-01
0.00000000e+00
-1.68538184e-01
0.00000000e+00
0.00000000e+00
-1.11552094e-01
-6.95231127e-02
-3.47230367e-02
0.00000000e+00
-1.41164646e-02
-1.68971851e-03
0.00000000e+00
0.00000000e+00
0.00000000e+00
0.00000000e+00
0.00000000e+00
0.00000000e+00
0.00000000e+00
0.00000000e+00
-0.0745         
-0.108         
